vec4 f0_0=sin(p.y*vec4(-6.66,3.19,-8.34,1.70)+p.z*vec4(-5.18,1.89,.41,-6.05)+p.x*vec4(6.14,2.14,-1.98,-.97)+vec4(7.46,4.23,15.70,1.08));
vec4 f0_1=sin(p.y*vec4(8.29,5.73,2.96,-.56)+p.z*vec4(-2.43,1.75,7.44,8.82)+p.x*vec4(3.23,-.98,3.68,1.93)+vec4(-10.60,13.54,-10.46,-10.81));
vec4 f0_2=sin(p.y*vec4(1.90,-8.74,4.82,7.36)+p.z*vec4(.87,4.85,-6.45,.51)+p.x*vec4(2.39,-3.24,3.19,7.99)+vec4(-4.07,16.62,-14.83,-.74));
vec4 f0_3=sin(p.y*vec4(-7.08,3.92,6.92,-1.82)+p.z*vec4(4.97,4.75,.70,8.54)+p.x*vec4(-2.95,.34,2.21,7.38)+vec4(6.55,12.63,-.60,6.69));
vec4 f0_4=sin(p.y*vec4(5.00,-5.62,2.11,1.16)+p.z*vec4(6.36,-7.31,-7.57,7.28)+p.x*vec4(-3.16,8.05,1.19,.33)+vec4(12.90,-13.93,5.08,13.07));
vec4 f0_5=sin(p.y*vec4(-5.67,6.28,4.63,2.79)+p.z*vec4(7.32,-2.48,-1.33,-2.06)+p.x*vec4(-8.87,-2.77,3.85,1.34)+vec4(-12.70,3.92,6.66,-1.80));
vec4 f0_6=sin(p.y*vec4(1.33,.80,-.38,-5.72)+p.z*vec4(4.38,-7.34,-7.31,-7.07)+p.x*vec4(3.41,-8.83,2.93,-7.34)+vec4(15.61,-5.11,1.91,2.05));
vec4 f0_7=sin(p.y*vec4(-.52,6.04,1.47,6.90)+p.z*vec4(1.43,-.17,-8.02,5.83)+p.x*vec4(7.45,-7.19,-2.00,-4.88)+vec4(-14.70,-12.88,15.25,-5.01));
vec4 f1_0=sin(mat4(.16,-.19,.09,-.03,.11,-.24,-.44,.51,-.06,.09,.16,-.15,-.23,.16,.45,-.21)*f0_0+
    mat4(.23,-.06,.37,.07,-.30,.46,-.11,-.34,-.16,.25,-.09,.05,-.51,-.27,.39,-.23)*f0_1+
    mat4(-.21,.07,.52,-.02,.02,-.07,.12,-.12,.02,-.11,.10,-.02,.14,-.04,.01,.13)*f0_2+
    mat4(.03,-.01,.03,-.22,-.05,.15,.00,.03,-.28,.02,-.03,.28,-.08,-.15,-.01,.03)*f0_3+
    mat4(.28,-.18,.01,.07,-.10,.13,.17,-.14,.43,-.22,.74,.33,-.35,.22,.10,.10)*f0_4+
    mat4(-.10,-.03,.04,-.07,-.08,.04,.11,-.13,.13,-.00,.04,-.34,.29,.10,-.18,.18)*f0_5+
    mat4(.54,.03,.07,.06,.13,.10,-.07,-.03,-.09,-.05,.38,-.03,.01,.02,.25,.27)*f0_6+
    mat4(-.01,-.09,.29,.13,-.03,.02,.04,-.06,-.01,.39,-.40,.21,-.14,.25,.09,-.08)*f0_7+
    vec4(-2.36,-2.92,1.93,.92))/1.0+f0_0;
vec4 f1_1=sin(mat4(.24,-.06,-.34,.03,-.42,-.01,-.35,.56,.23,.06,.11,.00,-.23,-.44,.33,-.42)*f0_0+
    mat4(-.48,-.12,-.28,.14,.10,.45,-.20,-.11,.24,-.25,.33,.25,.27,-.14,.04,.09)*f0_1+
    mat4(-.12,-.21,-.53,.01,.02,-.09,.02,-.09,-.20,.11,-.16,-.36,.24,-.26,.08,-.08)*f0_2+
    mat4(.23,-.28,-.00,-.15,-.55,.39,-.04,-.26,-.28,.20,-.25,-.15,.13,-.04,.10,-.01)*f0_3+
    mat4(-.33,.38,.13,.13,.17,.07,.01,-.07,-.24,-.11,.15,.23,-.20,.25,-.22,.16)*f0_4+
    mat4(-.01,-.09,.20,-.04,-.01,.26,-.08,.07,-.15,-.16,-.12,.04,-.27,.32,-.10,-.10)*f0_5+
    mat4(.28,-.51,-.52,-.18,-.12,.07,-.26,.16,-.02,.20,-.21,.35,-.04,-.22,-.12,-.09)*f0_6+
    mat4(-.05,-.11,.02,.06,-.06,-.12,-.28,.03,.14,-.23,-.32,-.47,.05,.08,.21,.14)*f0_7+
    vec4(4.79,-3.70,2.52,1.84))/1.0+f0_1;
vec4 f1_2=sin(mat4(.04,.07,-.15,-.22,.02,-.34,-.55,-.52,.07,-.21,-.11,-.15,.44,.10,.43,-.40)*f0_0+
    mat4(.04,.33,.39,-.03,-.15,.30,-.58,.35,.21,.09,.04,.34,-.20,-.30,-.12,.19)*f0_1+
    mat4(.92,-.37,.98,.11,-.03,.13,.48,-.09,.04,-.26,-.08,.14,-.11,-.16,.14,.06)*f0_2+
    mat4(.03,.22,.35,-.07,.22,-.53,.46,.18,-.19,-.20,.17,.01,-.19,-.25,-.06,.32)*f0_3+
    mat4(-.06,-.15,-.08,.08,.03,-.03,.10,-.13,-.14,.19,.15,.10,-.05,.07,.26,-.39)*f0_4+
    mat4(-.06,-.10,-.03,.05,.29,-.07,-.28,.28,-.25,-.37,.08,.03,.57,-.25,.04,.07)*f0_5+
    mat4(.24,-.12,.19,-.83,-.03,.04,.11,.00,.05,-.41,-.13,.48,-.03,.04,.24,.18)*f0_6+
    mat4(-.07,-.02,.09,-.17,-.01,-.18,.09,.14,.43,-.12,.13,.20,.09,.18,.04,.15)*f0_7+
    vec4(.43,-1.23,4.55,.77))/1.0+f0_2;
vec4 f1_3=sin(mat4(-.51,.15,.09,.23,-.24,.29,.48,.93,.24,-.23,.13,-.43,.29,-.10,.05,-.36)*f0_0+
    mat4(.08,.09,-.14,-.09,-.49,-.35,.17,-.14,-.06,.20,-.24,-.06,.32,-.12,.00,.42)*f0_1+
    mat4(-.10,-.65,-.12,-.12,-.09,.22,-.04,.18,-.05,.25,-.10,.20,-.08,-.09,-.31,-.14)*f0_2+
    mat4(-.15,.18,.41,.10,-.18,.35,-.07,-.47,-.40,.17,-.45,-.02,-.09,.18,-.03,-.10)*f0_3+
    mat4(.01,-.10,.21,.01,-.15,.08,.14,.01,-.30,.01,-.53,-.64,-.27,.04,.19,.24)*f0_4+
    mat4(.01,-.00,.03,.10,.15,-.22,.31,-.26,-.07,-.56,-.23,.46,.30,.41,.27,.37)*f0_5+
    mat4(.60,-.26,.35,.39,.06,-.05,-.05,-.01,-.01,.24,.14,-.17,.33,-.02,-.15,-.19)*f0_6+
    mat4(-.34,.13,-.12,-.20,-.05,.11,-.06,-.21,-.25,-.18,.20,-.42,.52,.04,-.01,-.23)*f0_7+
    vec4(1.45,-2.54,-.46,1.17))/1.0+f0_3;
vec4 f1_4=sin(mat4(.17,-.06,.29,.12,.15,-.47,-.02,-.32,-.26,-.08,.06,-.47,.68,.02,-.25,-.57)*f0_0+
    mat4(-.15,-.25,.40,-.20,-.23,-.11,-.33,-.04,.40,-.44,-.01,.23,.15,-.02,-.05,.17)*f0_1+
    mat4(.23,-.31,-.52,.40,-.27,-.37,-.01,-.15,.06,.20,-.31,.16,.17,.10,.15,.08)*f0_2+
    mat4(-.11,-.06,-.29,-.14,.04,.17,.04,.15,.29,.13,.14,.47,-.18,-.11,.18,-.04)*f0_3+
    mat4(-.34,-.17,.26,-.25,.02,.46,-.04,.11,-.09,-.11,-.10,-.13,.25,-.38,-.01,.24)*f0_4+
    mat4(.06,.09,.02,-.06,.28,-.06,.04,-.20,-.42,-.04,-.33,.03,.10,.17,-.19,-.54)*f0_5+
    mat4(-.46,.07,.00,.04,.19,.04,.15,.01,.08,.29,-.00,-.36,.00,-.28,.04,-.22)*f0_6+
    mat4(-.23,-.20,-.08,.17,.04,.19,-.10,-.07,-.36,.14,.27,-.43,-.04,.24,-.53,-.05)*f0_7+
    vec4(-.34,3.31,2.78,3.50))/1.0+f0_4;
vec4 f1_5=sin(mat4(-.05,.05,.12,.13,.58,-.32,-.56,.12,-.09,-.24,-.31,-.31,-.61,.46,-.38,-.28)*f0_0+
    mat4(-.20,-.20,-.21,-.09,.15,.07,.20,-.31,-.34,-.25,-.31,.12,.02,-.29,.24,.06)*f0_1+
    mat4(-.58,-.03,.08,-.11,.21,-.06,.14,-.08,-.37,-.30,-.27,-.26,-.01,-.01,.14,-.05)*f0_2+
    mat4(-.13,-.62,.06,-.20,.21,.13,-.36,.12,.15,.32,.28,-.00,.26,-.09,.09,.16)*f0_3+
    mat4(-.13,-.44,.24,-.02,.11,.10,-.08,.13,-.03,-.28,.24,-.19,-.47,.42,-.40,.22)*f0_4+
    mat4(-.29,.05,-.11,-.06,-.50,-.18,-.11,-.21,.25,.06,-.33,-.09,.05,-.20,.25,.47)*f0_5+
    mat4(-.51,.30,-.09,.14,-.01,.01,.18,.07,.06,.09,.40,-.04,.06,.13,-.01,-.03)*f0_6+
    mat4(.09,-.05,.03,.52,.13,.15,-.07,.13,-.02,-.43,.44,.04,.07,.16,-.32,-.02)*f0_7+
    vec4(-.46,3.96,-1.14,-.08))/1.0+f0_5;
vec4 f1_6=sin(mat4(-.06,.15,-.08,-.06,.33,.01,-.10,.29,.15,.27,-.03,-.16,.04,.03,.10,-.17)*f0_0+
    mat4(.04,-.25,-.20,-.03,-.26,-.68,.13,-.59,-.11,.02,-.37,.21,.04,-.11,-.09,-.10)*f0_1+
    mat4(.05,-.74,.65,.09,-.09,-.17,.15,-.00,.03,.20,.04,-.19,.02,-.24,-.06,-.20)*f0_2+
    mat4(.02,-.22,.38,.24,.27,.74,-.30,-.06,-.34,-.02,-.16,-.05,.16,-.10,-.07,.22)*f0_3+
    mat4(-.50,.53,-.32,-.12,.05,.01,.04,.11,-.15,.04,-.29,.03,-.39,.66,-.01,.40)*f0_4+
    mat4(.03,.03,-.06,-.12,-.33,-.16,-.21,.31,.33,.42,-.29,-.10,.66,.04,-.64,.03)*f0_5+
    mat4(.33,-.05,-.51,-.54,-.29,-.20,-.22,.19,-.25,.13,-.07,.14,-.14,.30,.31,-.02)*f0_6+
    mat4(-.10,.07,.00,.35,-.02,.09,.05,-.00,-.21,-.19,.15,.45,.21,-.06,.00,-.11)*f0_7+
    vec4(1.22,-.57,-.30,-1.68))/1.0+f0_6;
vec4 f1_7=sin(mat4(.23,-.05,.11,-.02,-.28,.15,-.65,.06,.01,.31,-.13,-.67,.02,-.09,.06,.12)*f0_0+
    mat4(.15,.07,-.08,-.17,-.37,-.14,.35,-.18,-.16,-.18,-.20,.28,.05,-.28,.24,-.29)*f0_1+
    mat4(-.01,-.51,-.65,-.72,.01,-.04,-.22,-.05,.05,.15,-.05,-.21,-.03,-.19,.06,-.10)*f0_2+
    mat4(-.27,.18,-.34,.41,-.38,-.30,.40,.61,.22,.19,.48,.39,.01,-.20,.13,.05)*f0_3+
    mat4(.38,.24,-.00,.08,-.06,.08,-.10,-.00,-.64,-.56,-.16,.02,.41,-.14,-.12,-.10)*f0_4+
    mat4(.02,.26,-.11,-.08,.13,-.07,-.21,.07,-.28,.21,-.09,-.43,-.34,.12,.15,.51)*f0_5+
    mat4(.10,.22,.09,-.81,-.13,-.21,.07,-.31,-.29,-.04,.55,-.21,-.09,.16,-.24,-.11)*f0_6+
    mat4(-.21,-.11,.03,-.18,.09,.31,.03,-.02,-.39,-.12,.22,-.16,-.40,.13,-.13,-.00)*f0_7+
    vec4(1.04,-3.04,-2.11,2.09))/1.0+f0_7;
vec4 f2_0=sin(mat4(-.20,.00,.47,.18,-.08,.08,-.05,-.07,-.31,-.47,.17,.18,.35,-.07,.57,-.10)*f1_0+
    mat4(-.19,.06,.40,.07,.41,-.27,.20,.35,.43,.03,-.01,-.17,.10,.30,.19,-.25)*f1_1+
    mat4(.27,.22,-.46,.03,-.36,-.25,.07,.02,-.26,-.12,-.02,.05,.04,.13,.14,-.06)*f1_2+
    mat4(.01,-.13,.07,-.16,-.83,.00,.01,.04,.13,.00,-.00,.17,.24,.04,-.09,-.10)*f1_3+
    mat4(-.27,-.04,.20,.35,.29,.01,-.07,-.09,.01,-.06,.05,.12,-.61,.08,-.59,-.37)*f1_4+
    mat4(-.10,.01,-.10,.01,.03,.17,.10,.09,.20,-.22,-.19,.48,-.40,.09,-.35,-.22)*f1_5+
    mat4(.32,.30,-.04,.27,.06,.33,.03,.13,-.09,.38,.15,-.14,-.17,-.05,-.20,.18)*f1_6+
    mat4(-.10,-.04,-.20,-.07,-.26,.07,.18,-.29,-.27,.49,.31,-.02,.29,-.09,.03,.02)*f1_7+
    vec4(-3.70,-3.77,.82,-4.02))/1.4+f1_0;
vec4 f2_1=sin(mat4(-.15,.29,.08,-.10,-.03,-.21,-.20,.11,.05,-.56,.26,-.10,.21,-.07,-.60,.47)*f1_0+
    mat4(.24,-.18,-.20,-.28,-.12,.14,.36,-.26,-.11,-.26,.10,-.18,.15,-.24,.28,-.72)*f1_1+
    mat4(-.04,-.48,.43,.23,.22,.00,-.34,.56,.19,-.29,-.30,-.39,-.16,.20,.03,.05)*f1_2+
    mat4(-.20,.24,-.38,.49,.36,.40,.16,-.63,.11,.08,-.47,.05,-.19,-.30,.17,-.03)*f1_3+
    mat4(-.04,-.07,.12,.00,-.34,.01,-.12,-.28,-.20,.01,-.31,-.07,-.20,.19,.29,.07)*f1_4+
    mat4(.04,.08,-.06,.21,.34,.10,.39,-.11,-.00,.01,.27,.09,.79,-.10,.06,.11)*f1_5+
    mat4(-.03,-.37,.07,.15,-.20,-.09,.13,-.40,-.36,-.30,-.14,.15,.19,.07,.10,.18)*f1_6+
    mat4(-.33,-.02,-.49,-.05,.11,.16,.21,-.22,-.04,-.22,-.35,-.22,.02,-.18,-.08,.03)*f1_7+
    vec4(-1.02,-3.45,4.64,-4.51))/1.4+f1_1;
vec4 f2_2=sin(mat4(-.25,.47,-.05,-.06,.12,-.55,-.04,.42,-.08,-.17,-.06,.28,-.47,.10,-.21,.50)*f1_0+
    mat4(.13,.10,-.04,-.05,.09,-.29,.05,.16,-.24,.34,.37,.07,.12,.02,.20,.07)*f1_1+
    mat4(.44,-.40,-.14,-.51,-.00,-.09,.03,-.07,.10,.07,-.25,.25,-.01,.18,-.08,.25)*f1_2+
    mat4(-.08,-.21,-.04,-.09,.50,.08,.19,-.01,.27,.02,-.17,.19,.00,-.00,.13,.04)*f1_3+
    mat4(.27,-.15,-.22,-.01,-.33,.04,-.02,.14,.34,-.27,.17,-.06,.26,.31,.32,.43)*f1_4+
    mat4(.13,.01,-.07,-.15,.19,-.06,-.32,-.16,-.11,.13,-.67,-.26,.66,.15,.50,.15)*f1_5+
    mat4(.20,-.15,.01,.39,-.06,.01,.10,-.00,-.13,.12,-.37,-.58,.23,.18,-.07,.05)*f1_6+
    mat4(-.20,.24,.07,.05,.34,.20,-.22,.03,.46,.23,.14,.54,-.16,-.30,-.22,-.06)*f1_7+
    vec4(-5.53,.17,4.31,2.18))/1.4+f1_2;
vec4 f2_3=sin(mat4(.43,-.26,.17,-.26,.50,.16,-.63,-.14,.14,.06,-.14,.58,.05,-.05,.18,-.23)*f1_0+
    mat4(.03,-.11,.31,.37,.29,.12,.03,.14,.22,.33,.19,.29,.02,.42,-.08,.09)*f1_1+
    mat4(.04,.22,-.66,-.50,-.01,-.48,.22,.12,.28,-.24,-.24,-.08,-.04,.11,-.16,-.07)*f1_2+
    mat4(-.29,-.31,-.18,-.21,-.50,.35,.44,-.18,-.02,-.15,.11,.30,-.05,-.36,.29,-.11)*f1_3+
    mat4(-.55,-.23,.40,.37,.15,-.15,-.29,-.13,.06,-.25,.35,-.42,.08,.13,-.52,-.10)*f1_4+
    mat4(.02,.14,.10,.07,-.08,.19,.01,-.12,-.16,.25,-.05,.22,.20,-.60,-.36,.20)*f1_5+
    mat4(.59,.40,.35,.18,-.35,.03,-.00,.23,.21,-.24,.30,.50,-.33,-.15,.09,.11)*f1_6+
    mat4(-.39,-.50,.31,-.52,-.00,-.05,-.19,-.34,-.12,-.30,.17,-.03,-.09,.33,-.26,.05)*f1_7+
    vec4(-2.55,1.92,5.21,-5.13))/1.4+f1_3;
vec4 f2_4=sin(mat4(.07,-.32,.06,.23,.42,.12,-.09,-.28,.12,.14,.25,-.17,.33,-.37,.42,.39)*f1_0+
    mat4(.33,-.04,-.03,-.12,-.14,-.17,-.11,-.42,-.24,.62,-.32,-.09,.19,.27,-.42,.13)*f1_1+
    mat4(.53,-.47,-.00,-.40,.33,-.34,-.26,-.08,-.12,-.34,-.19,-.12,-.09,-.01,.20,.26)*f1_2+
    mat4(-.22,.12,.07,.16,-.29,.04,-.04,.16,.01,-.39,.17,-.06,-.14,-.25,-.04,.06)*f1_3+
    mat4(.17,-.27,.10,.08,.18,-.12,.14,.09,-.08,.69,.64,.05,-.66,.42,-.48,.22)*f1_4+
    mat4(-.02,-.06,.02,-.08,-.03,-.13,-.21,-.11,-.48,.27,.06,.10,-.19,.32,.01,-.42)*f1_5+
    mat4(.04,.12,.22,-.20,.05,-.24,.05,.04,.18,-.04,-.38,-.11,-.21,.17,.24,-.00)*f1_6+
    mat4(-.03,.00,.09,.17,-.20,.18,.29,.07,-.15,.40,-.20,-.26,.13,.02,-.18,.16)*f1_7+
    vec4(3.79,-2.01,3.88,.77))/1.4+f1_4;
vec4 f2_5=sin(mat4(.06,.40,-.10,.04,.62,-.33,.05,-.37,-.16,.28,-.07,-.19,-.55,-.13,-.12,-.06)*f1_0+
    mat4(.25,.21,.09,.18,-.03,-.13,-.06,.11,.09,-.41,.06,-.34,-.17,.25,-.07,-.10)*f1_1+
    mat4(.01,.10,.24,-.17,.54,.20,-.20,.22,.38,.03,-.14,-.13,.03,-.07,-.14,-.25)*f1_2+
    mat4(.32,-.01,-.49,.06,.24,-.17,.17,.09,.17,-.30,-.07,.24,-.07,.17,.34,.00)*f1_3+
    mat4(.58,.05,-.09,.25,.14,-.14,-.05,-.10,.01,.32,-.28,.23,.40,-.24,.14,-.35)*f1_4+
    mat4(.35,.06,-.01,.00,-.15,.26,.19,.05,-.02,-.45,.15,-.08,.31,-.38,.02,.07)*f1_5+
    mat4(-.29,.10,.27,.21,.26,.09,-.13,-.08,.76,.23,-.04,-.02,-.23,.30,.05,.30)*f1_6+
    mat4(-.04,-.01,-.28,.18,.08,.20,.02,.30,.13,-.40,.15,-.32,.12,-.11,.46,-.36)*f1_7+
    vec4(-2.06,2.02,1.53,2.03))/1.4+f1_5;
vec4 f2_6=sin(mat4(.11,.07,.47,.14,-.34,.38,.10,.54,.02,-.02,-.50,.18,.10,.11,.17,.45)*f1_0+
    mat4(-.34,.06,-.18,-.01,.06,-.19,.06,-.05,.09,-.21,-.13,-.32,.41,-.13,-.06,.25)*f1_1+
    mat4(-.08,.54,-.17,.03,-.23,.09,-.57,.09,.13,-.26,.25,-.41,.13,.76,.25,.05)*f1_2+
    mat4(.26,-.17,-.16,-.09,-.41,-.16,-.24,.43,-.07,.16,.21,.42,-.26,.01,-.39,.12)*f1_3+
    mat4(.30,-.15,-.17,.22,.19,-.26,.14,.19,.01,.28,-.55,-.37,.34,-.06,.38,.11)*f1_4+
    mat4(-.17,.24,.36,.21,-.13,-.27,-.10,.44,-.03,.33,.02,.08,-.40,.48,-.26,-.56)*f1_5+
    mat4(.34,.18,.02,-.04,.03,-.36,-.21,.23,.42,-.28,-.21,.37,-.21,.17,-.24,.17)*f1_6+
    mat4(.04,.11,-.12,.03,.16,-.09,.44,.14,.12,.21,.49,-.06,-.29,.04,.36,.30)*f1_7+
    vec4(-2.64,.77,-5.13,4.00))/1.4+f1_6;
vec4 f2_7=sin(mat4(.18,-.21,.09,-.22,-.73,.05,.26,.01,.32,-.22,-.13,-.31,-.41,-.32,-.56,.18)*f1_0+
    mat4(-.18,-.06,.11,-.10,.22,-.33,.31,-.10,.20,.54,-.26,.41,.07,-.18,-.58,.10)*f1_1+
    mat4(.05,-.22,-.46,.00,-.11,-.22,.05,-.17,-.14,-.44,-.30,.29,.19,.08,.22,-.20)*f1_2+
    mat4(-.15,-.46,.09,-.08,-.39,.19,-.18,.28,.32,.48,.34,.01,.06,.33,.23,.38)*f1_3+
    mat4(-.02,-.05,-.46,.21,-.19,-.36,.10,.03,.09,.47,.21,.27,.19,.06,-.04,.02)*f1_4+
    mat4(-.08,-.19,-.32,-.09,-.01,-.55,-.01,-.52,.04,-.16,-.30,.31,-.25,.25,-.47,.03)*f1_5+
    mat4(-.10,-.17,-.25,.24,-.10,.31,.34,.04,-.21,.39,-.05,.67,.09,-.09,.04,-.01)*f1_6+
    mat4(.25,.28,.43,-.33,.11,-.36,-.14,.19,-.11,.11,-.07,.08,-.11,-.50,-.02,.24)*f1_7+
    vec4(-2.24,4.56,3.11,3.32))/1.4+f1_7;
vec4 f3_0=sin(mat4(-.17,.24,-.00,.18,.57,-.17,-.14,-.18,.18,.23,-.38,.05,.23,.11,.28,.36)*f2_0+
    mat4(-.40,.16,.32,-.20,-.26,.02,-.09,-.20,.08,.18,-.37,-.23,.25,-.17,-.40,.13)*f2_1+
    mat4(.22,.57,-.15,-.42,-.00,.27,-.13,.17,.22,-.26,-.55,.06,.09,.29,-.20,-.08)*f2_2+
    mat4(.02,.04,-.29,.45,.12,.41,.15,.18,.16,.57,-.09,-.14,.33,.41,.13,-.23)*f2_3+
    mat4(-.01,-.19,.59,-.24,-.07,.02,.28,-.10,.36,.26,.16,-.17,.32,.11,.01,-.25)*f2_4+
    mat4(-.32,-.19,-.13,-.07,.05,-.14,.50,.01,-.28,-.35,.44,.11,.08,-.00,.35,.01)*f2_5+
    mat4(-.23,.17,-.12,-.18,.40,.37,.14,-.38,.18,-.09,.11,-.15,-.23,-.33,.45,-.07)*f2_6+
    mat4(.10,.44,-.16,-.20,.01,-.19,-.39,.22,.28,-.21,-.41,-.43,.42,-.38,.38,-.04)*f2_7+
    vec4(4.06,-2.76,-.16,.43))/1.7+f2_0;
vec4 f3_1=sin(mat4(.09,-.08,.18,.17,-.18,-.38,.47,.35,-.48,-.27,.40,-.28,.47,-.49,-.15,-.48)*f2_0+
    mat4(-.30,.18,-.19,-.26,.02,-.06,.04,-.12,.20,.04,-.05,.25,-.18,-.06,-.27,.14)*f2_1+
    mat4(.38,.07,.23,-.29,-.12,-.11,-.17,-.61,.53,-.03,.08,.39,-.36,.06,.11,-.05)*f2_2+
    mat4(-.06,.12,.12,-.50,.15,.09,.16,.09,.34,-.07,.14,-.48,-.15,-.11,-.05,-.17)*f2_3+
    mat4(-.44,-.35,.28,-.06,-.26,-.05,-.02,-.23,-.11,-.06,-.49,-.00,-.15,.08,.31,.01)*f2_4+
    mat4(-.01,.03,.07,.17,.17,-.34,.04,.33,.14,-.01,.36,.12,.04,.21,.31,-.44)*f2_5+
    mat4(-.10,-.15,.55,-.09,.16,.28,-.09,-.07,-.16,.04,-.17,-.15,-.08,.15,-.07,.05)*f2_6+
    mat4(.08,.04,-.01,.36,.03,-.08,-.08,-.18,.03,-.03,.01,-.15,.12,-.12,.30,-.04)*f2_7+
    vec4(1.83,-3.50,.36,-1.83))/1.7+f2_1;
vec4 f3_2=sin(mat4(-.19,.38,-.09,-.39,-.21,-.31,.10,.20,-.50,.02,-.27,.33,.34,-.28,-.19,.38)*f2_0+
    mat4(-.29,.20,-.47,-.20,.37,-.63,-.03,.47,.12,.25,-.04,.61,-.05,-.25,-.30,-.04)*f2_1+
    mat4(.44,-.12,.06,.04,-.33,-.10,.06,-.30,.38,-.29,-.11,.34,.15,-.17,-.11,.11)*f2_2+
    mat4(-.33,-.03,.01,.13,-.07,.18,-.62,-.39,-.12,.05,-.02,.22,-.39,-.08,.01,.06)*f2_3+
    mat4(.02,.05,.06,-.20,-.12,.23,-.34,-.25,-.35,.24,.26,-.15,-.03,-.41,-.61,-.37)*f2_4+
    mat4(.04,.13,-.17,-.08,-.06,.04,-.43,-.16,.32,-.31,-.40,.59,-.19,-.48,.02,.58)*f2_5+
    mat4(.17,-.40,.27,.14,-.14,.16,.43,-.14,.16,-.11,-.31,-.13,-.15,.10,.16,.11)*f2_6+
    mat4(-.18,.48,.06,.21,.09,.18,.19,-.12,-.11,.28,.00,-.28,.17,-.13,-.11,-.00)*f2_7+
    vec4(.29,1.88,2.64,1.74))/1.7+f2_2;
vec4 f3_3=sin(mat4(.28,-.20,.22,.11,.01,-.25,-.49,.12,-.34,-.17,-.14,.12,-.25,.65,-.27,-.19)*f2_0+
    mat4(.11,.02,-.15,-.30,-.10,-.27,-.42,-.12,-.54,.47,.23,-.44,.30,.15,.35,-.22)*f2_1+
    mat4(-.28,-.46,-.22,.04,-.11,-.26,-.14,-.26,.65,.04,.21,.11,.10,-.04,-.35,-.14)*f2_2+
    mat4(-.34,-.31,.18,-.11,-.18,.35,-.03,-.17,.16,.11,-.49,-.19,.61,.28,.08,-.01)*f2_3+
    mat4(.14,-.37,-.34,.34,.08,-.24,-.11,.39,-.40,.08,-.50,.11,.33,-.19,.18,-.06)*f2_4+
    mat4(.12,.16,.03,.14,-.23,-.08,.03,-.30,-.29,.06,-.18,-.21,.51,.33,-.17,.28)*f2_5+
    mat4(.02,-.55,.35,-.13,.06,.11,-.40,.10,.00,.47,.12,.22,-.17,-.03,-.09,-.45)*f2_6+
    mat4(-.31,-.13,-.24,-.31,-.31,-.07,.20,.14,-.30,-.28,.56,.47,-.18,.38,.19,-.39)*f2_7+
    vec4(3.74,3.44,3.52,-1.41))/1.7+f2_3;
vec4 f3_4=sin(mat4(-.10,.00,-.01,.43,.01,-.06,.25,-.26,-.03,.22,.38,.06,-.67,.33,-.17,-.14)*f2_0+
    mat4(-.29,.33,-.29,-.13,-.27,-.28,.29,.06,-.15,.04,.17,-.04,-.12,-.38,.12,.24)*f2_1+
    mat4(.56,-.20,.30,.18,.52,.20,-.16,-.06,-.67,.30,-.38,-.52,-.21,-.34,.21,.08)*f2_2+
    mat4(.39,-.20,.31,.07,-.66,-.45,-.63,-.47,-.26,-.42,.12,-.02,.25,.31,.14,-.09)*f2_3+
    mat4(-.14,-.05,-.03,.28,.24,-.08,.14,-.15,.34,-.11,.35,.38,.38,-.52,-.63,-.16)*f2_4+
    mat4(-.23,.18,-.41,-.26,-.27,.20,-.11,-.06,-.67,.02,-.09,-.50,-.19,-.15,.07,.31)*f2_5+
    mat4(-.35,.55,-.09,.13,-.21,-.18,.35,-.16,.19,-.45,-.34,.08,-.30,-.14,-.21,-.10)*f2_6+
    mat4(.11,-.01,.42,.55,-.25,.13,.00,-.26,-.31,.17,.04,.11,-.42,-.42,-.23,-.53)*f2_7+
    vec4(1.80,1.89,3.92,2.52))/1.7+f2_4;
vec4 f3_5=sin(mat4(-.21,-.06,-.20,.06,.08,-.04,.68,.20,-.31,-.52,-.01,-.13,-.09,.46,.65,.23)*f2_0+
    mat4(.23,.33,-.05,.13,.53,-.10,.05,.08,-.10,-.39,.22,.07,.16,-.30,-.17,-.36)*f2_1+
    mat4(-.36,.23,.01,-.19,.17,.09,.12,.05,-.21,-.31,-.23,.11,-.20,.50,-.02,.07)*f2_2+
    mat4(.27,-.43,.20,-.02,-.12,.18,-.20,1.09,.31,.04,-.09,.28,-.37,-.05,-.08,.09)*f2_3+
    mat4(-.44,.19,-.08,.08,-.22,-.17,.15,.13,-.11,.05,-.00,-.03,.02,-.47,-.29,.08)*f2_4+
    mat4(.24,-.19,-.29,.43,.48,-.27,.21,.15,-.16,-.26,.18,.14,-.43,.53,-.40,.31)*f2_5+
    mat4(-.01,-.23,.07,.06,-.18,-.10,.33,-.18,.08,-.01,-.30,.18,-.46,.06,-.18,-.12)*f2_6+
    mat4(-.22,.06,-.15,-.10,-.38,-.17,-.15,.31,.23,.23,.02,-.15,.27,-.15,.27,.29)*f2_7+
    vec4(-1.72,4.28,.05,-3.82))/1.7+f2_5;
vec4 f3_6=sin(mat4(.04,-.45,.20,-.09,.02,-.18,.03,-.05,.09,-.19,.00,.27,-.12,-.14,-.81,.07)*f2_0+
    mat4(.17,-.29,-.23,.14,.16,.24,-.25,-.23,.08,.34,.16,.09,.10,-.12,.32,.16)*f2_1+
    mat4(-.04,-.92,.19,.10,-.23,-.02,-.01,-.18,.12,-.03,.21,-.45,-.08,.10,-.13,-.20)*f2_2+
    mat4(.47,.10,.13,-.14,-.16,1.32,.03,-.36,-.05,.08,-.42,.28,.13,.26,.11,-.11)*f2_3+
    mat4(-.13,.56,-.16,.94,-.31,-.22,-.07,-.16,-.25,.14,-.42,.35,.52,-.06,.24,-.35)*f2_4+
    mat4(.05,.09,-.11,.06,-.17,.38,-.35,-.41,.18,-.09,-.09,-.17,.50,.78,-.06,.23)*f2_5+
    mat4(-.15,.13,.15,.43,-.08,.71,-.37,.04,-.02,.25,.17,.30,-.37,.08,-.14,.22)*f2_6+
    mat4(-.22,.44,.32,.07,-.05,-.53,-.47,.05,-.17,.62,.95,.15,.05,.28,-.14,-.22)*f2_7+
    vec4(-2.79,2.08,-4.20,-1.39))/1.7+f2_6;
vec4 f3_7=sin(mat4(-.37,-.23,.19,.23,.53,.11,.16,.19,.34,-.29,.13,.10,-.38,.12,-.07,.00)*f2_0+
    mat4(-.06,.70,-.33,.09,.36,-.41,.10,-.29,.20,-.10,.27,-.14,.15,.03,.12,.01)*f2_1+
    mat4(.37,.28,.72,.34,.08,-.08,-.64,.18,.16,-.21,-.22,-.19,.07,.49,.35,.11)*f2_2+
    mat4(.14,-.30,-.05,-.34,.26,.39,-.08,-.68,.22,-.05,-.71,-.23,.10,.33,-.17,.12)*f2_3+
    mat4(.50,-.38,-.05,.09,-.31,-.48,-.03,.18,-.06,.46,.01,-.49,.33,-.05,-.10,.03)*f2_4+
    mat4(-.09,-.33,.00,-.04,.02,-.13,-.15,-.42,.11,-.79,-.08,.63,-.04,-.61,-.09,.56)*f2_5+
    mat4(.13,-.42,-.84,.59,.02,.02,.10,.12,.57,.41,-.05,-.30,.03,.20,.51,.08)*f2_6+
    mat4(.10,.06,-.01,.38,-.28,-.21,.21,-.15,-.04,.31,-.32,.22,.30,.02,.13,-.06)*f2_7+
    vec4(-2.40,3.78,-4.77,-2.79))/1.7+f2_7;
vec4 f4_0=sin(mat4(.11,.11,.17,-.19,-.21,.15,.72,.36,-.02,-.07,.40,.43,-.20,.06,.20,-.01)*f3_0+
    mat4(.23,-.27,.68,.28,-.29,.09,-.43,.04,.02,-.06,.46,.10,.30,.34,.39,-.14)*f3_1+
    mat4(.31,-.03,-.12,-.49,-.11,-.51,.44,-.11,.25,-.17,.39,.34,.34,-.38,.50,-.54)*f3_2+
    mat4(.37,-.24,.32,.48,-.76,.10,-.23,-.37,-.05,-.30,.23,-.11,.03,-.07,.47,-.15)*f3_3+
    mat4(.05,-.51,.06,.19,-.27,-.35,.03,.04,.01,.28,-.03,-.26,-.06,.38,.34,-.14)*f3_4+
    mat4(-.36,.28,-.45,-.05,-.06,-.08,.06,.12,-.07,-.27,.06,.38,.25,-.01,-.30,.23)*f3_5+
    mat4(-.42,.18,.05,.13,.11,-.10,-.20,.08,-.25,.44,.12,.39,-.15,-.35,.03,.05)*f3_6+
    mat4(-.01,-.07,-.20,-.44,-.24,.21,-.13,.14,.12,-.55,.25,.22,.09,-.13,.17,.04)*f3_7+
    vec4(-1.04,4.46,1.20,.04))/2.0+f3_0;
vec4 f4_1=sin(mat4(.15,.02,-.39,-.14,-.04,-.65,.22,-.39,.03,-.17,-.08,.50,-.26,-.43,-.40,.48)*f3_0+
    mat4(-.09,.12,-.65,.20,-.10,-.51,.97,.16,.22,.33,-.06,.27,-.21,.23,-.11,-.06)*f3_1+
    mat4(-.20,-.04,-.17,-.03,-.11,.18,-.06,.24,.36,-.14,-.00,.17,.07,.09,-.29,.11)*f3_2+
    mat4(-.03,.09,-.09,-.84,.03,.20,-.72,.38,-.34,-.26,.08,-.05,-.06,.06,.11,.23)*f3_3+
    mat4(-.17,-.07,.55,.78,-.15,-.16,-.05,.06,-.13,.03,-.07,-.43,.53,.08,-.20,-.12)*f3_4+
    mat4(-.21,.12,-.10,-.43,.19,.03,-.01,-.37,-.26,-.02,.29,-.74,.16,.64,.47,.13)*f3_5+
    mat4(-.40,-.14,-.00,.06,.13,-.39,-.25,.71,-.02,-.80,.23,-.01,-.06,-.30,-.55,-.50)*f3_6+
    mat4(-.25,-.61,.07,-.29,-.11,.24,-.25,-.13,.34,-.12,.12,-.13,.15,-.06,.19,-.08)*f3_7+
    vec4(4.01,-1.54,-2.88,-5.26))/2.0+f3_1;
vec4 f4_2=sin(mat4(.14,-.16,.18,-.16,-.48,-.35,-.30,.27,-.15,-.23,.21,-.11,.10,-.45,-.28,.16)*f3_0+
    mat4(-.68,.23,.17,-.51,.37,-.30,-.62,.72,-.05,.30,-.24,.28,-.29,-.27,.15,-.37)*f3_1+
    mat4(-.76,.10,.24,-.22,-.41,-.02,-.33,-.17,-.27,-.00,-.33,-.18,-.04,.28,.23,.18)*f3_2+
    mat4(.35,-.23,.16,.23,.07,-.14,.42,-.02,.01,.42,-.10,-.06,-.36,.44,.25,.02)*f3_3+
    mat4(.13,.10,-.23,.61,.36,-.35,.06,-.14,-.05,.12,.52,-.12,-.44,-.35,.08,-.17)*f3_4+
    mat4(.31,-.15,.05,.26,-.48,-.23,-.13,.17,-.16,-.15,.23,.32,-.13,-.19,-.51,-.39)*f3_5+
    mat4(-.37,-.23,-.35,.21,.01,-.03,.08,.40,-.33,.11,.13,.14,.25,-.21,-.26,.42)*f3_6+
    mat4(.02,.33,.61,.14,.16,.02,-.01,-.24,-.39,.13,.13,-.18,-.29,.00,.07,.13)*f3_7+
    vec4(3.33,-5.46,-2.86,-3.32))/2.0+f3_2;
vec4 f4_3=sin(mat4(.05,.06,-.12,-.32,-.24,-.22,.27,.54,.53,.26,-.01,.41,-.67,.57,-.15,.34)*f3_0+
    mat4(-.22,-.52,.35,-.05,.22,1.00,.52,.43,-.15,.08,.07,.34,-.30,-.94,-.06,-.09)*f3_1+
    mat4(.14,.05,.26,.34,-.48,-.42,.04,.13,.34,.12,-.33,.27,.83,.21,.15,.05)*f3_2+
    mat4(.25,-.03,-.12,.13,-.07,.14,.12,.24,.31,-.02,.37,.25,.06,-.14,.16,.23)*f3_3+
    mat4(-.11,-.24,.45,-.05,.26,.22,.16,-.01,-.38,-.05,.30,.13,-.31,.01,-.24,-.17)*f3_4+
    mat4(.11,-.12,-.29,.41,.20,.02,-.07,-.08,.72,-.01,-.42,.24,.02,-.49,.08,.45)*f3_5+
    mat4(-.14,.72,-.42,.38,-.28,-.01,.32,.00,.15,-.39,-.03,-.12,-.24,-.28,-.33,.07)*f3_6+
    mat4(-.26,-.12,.59,.42,-.60,.47,-.47,.18,-.21,.24,.12,.04,-.41,-.01,-.23,.18)*f3_7+
    vec4(2.19,.93,.75,3.25))/2.0+f3_3;
vec4 f4_4=sin(mat4(.68,-.27,.18,.37,-.41,.11,-.64,-.24,-1.01,.11,.40,-.30,-.18,.11,-.14,-.32)*f3_0+
    mat4(.36,-.24,.45,.26,-.37,.98,-.12,.25,.93,.02,-.30,-.23,.83,-.26,.10,.17)*f3_1+
    mat4(.08,-.09,-.38,.26,.66,.43,.17,-.12,-.22,-.16,-.37,-.36,.56,.01,-.08,.27)*f3_2+
    mat4(-.77,-.01,.01,.07,-.13,-.97,-.71,.25,.07,-.32,.48,.05,-.13,-.08,.18,-.24)*f3_3+
    mat4(.82,-.12,.16,-.22,.19,.41,.17,-.07,-.79,.09,.06,.51,-.41,-.08,.14,.53)*f3_4+
    mat4(.24,.49,-.06,-.13,-.06,.77,.22,.05,-.21,.10,-.19,-.41,-.27,-.17,-.21,.15)*f3_5+
    mat4(.59,.14,-.08,-.19,-.35,.28,-.25,.16,.15,.51,-.05,-.16,-.23,-.02,-.14,.11)*f3_6+
    mat4(-.28,-.35,-.06,.21,.01,-.30,.09,-.36,-.31,-.47,-.13,.32,-.02,.04,.28,-.23)*f3_7+
    vec4(-1.35,4.35,.62,-2.26))/2.0+f3_4;
vec4 f4_5=sin(mat4(-.37,-.16,-.04,-.28,-.31,.23,.08,-.09,-.12,-.42,.27,-.04,-.29,.22,-.37,-.01)*f3_0+
    mat4(.33,-.78,.28,.14,-.03,-.01,.24,.40,-.26,-.15,.42,-.19,.24,-.23,.02,-.47)*f3_1+
    mat4(.37,-.66,.03,.28,.17,-.21,.45,.31,-.02,.09,-.59,-.38,.08,.10,-.25,.15)*f3_2+
    mat4(-.30,-.07,.18,-.31,.16,-.05,.21,-.11,.11,-.18,.26,.07,.03,.29,-.20,-.09)*f3_3+
    mat4(.25,-.25,.26,.26,-.33,.13,.04,-.19,.23,.08,-.04,.21,-.27,-.20,-.23,-.15)*f3_4+
    mat4(-.36,-.41,.17,.19,-.13,.13,.32,.36,-.09,-.13,.21,.12,.18,.41,-.27,-.21)*f3_5+
    mat4(.00,-.45,.37,-.50,-.21,.13,-.01,-.50,.06,.01,.43,.55,-.02,.09,-.13,.12)*f3_6+
    mat4(.29,-.08,-.24,-.14,-.01,-.18,-.35,-.11,-.28,-.06,.03,.07,-.19,-.16,.18,.40)*f3_7+
    vec4(-3.31,5.37,-2.99,3.52))/2.0+f3_5;
vec4 f4_6=sin(mat4(-.34,.34,.02,-.18,-.49,-.13,.24,.44,-.21,-.15,-.33,.38,.34,.62,1.09,.07)*f3_0+
    mat4(.08,.37,.37,-.05,-.46,-.11,-.36,.25,.80,.42,-.43,.23,.54,-.06,.68,.40)*f3_1+
    mat4(.03,.05,.13,.38,-.11,.55,-.14,-.10,-.01,-.16,-.33,.04,-.09,.21,.36,.06)*f3_2+
    mat4(.35,-.22,.11,.25,-.47,-.98,-.04,-.57,.24,-.00,-.37,.09,-.18,.10,-.50,-.10)*f3_3+
    mat4(-.02,.30,.10,-.27,.11,.31,.42,.01,-.02,.79,-.20,-.03,-.08,-1.07,-.18,-.53)*f3_4+
    mat4(.03,.28,-.26,-.19,.55,-.20,.25,.01,-.38,-.11,.22,-.24,.01,.73,-.30,-.16)*f3_5+
    mat4(-.11,-.18,-.00,.27,-.06,.20,.18,.04,.25,.80,-.38,-.37,-.54,-.16,-.00,.08)*f3_6+
    mat4(-.36,.25,-.34,-.05,.91,-.85,-.30,-.18,.17,.05,-.01,-.25,-.07,.37,.32,.22)*f3_7+
    vec4(3.44,5.40,.08,-2.81))/2.0+f3_6;
vec4 f4_7=sin(mat4(.00,.22,.11,.13,.31,.33,-.08,-.32,-.13,.24,.06,-.23,-.09,.51,-.26,-.21)*f3_0+
    mat4(-.07,-.78,.00,-.28,-.27,.28,-.28,.37,-.41,.11,.07,.41,-.02,.31,-.43,-.53)*f3_1+
    mat4(.04,.13,.35,-.36,-.02,-.27,-.02,.36,.31,.46,-.27,.23,-.35,.06,-.36,.23)*f3_2+
    mat4(-.03,-.14,-.15,.01,.25,-.20,.36,.30,.05,-.04,.33,.17,-.36,.38,.04,-.09)*f3_3+
    mat4(.49,.11,.34,.01,.24,-.22,.03,.22,.05,-.02,.03,-.13,-.15,.30,-.80,-.24)*f3_4+
    mat4(-.02,-.44,.02,.14,-.25,.25,-.13,-.29,-.10,-.00,.18,.17,.34,.02,.20,.04)*f3_5+
    mat4(.04,-1.13,-.12,-.16,-.01,-.09,.10,-.07,-.16,-.02,-.09,-.11,-.26,-.26,-.21,.08)*f3_6+
    mat4(-.07,.28,.24,.21,.06,-.16,.12,.11,-.36,.42,-.16,-.45,.35,-.46,-.19,.10)*f3_7+
    vec4(-.87,-2.48,.82,2.52))/2.0+f3_7;
return dot(f4_0,vec4(-.02,.02,.01,.03))+
    dot(f4_1,vec4(-.03,.03,.02,.01))+
    dot(f4_2,vec4(-.02,-.03,.02,-.02))+
    dot(f4_3,vec4(-.01,-.01,-.03,-.02))+
    dot(f4_4,vec4(-.00,.01,-.02,.03))+
    dot(f4_5,vec4(.02,.02,.03,.02))+
    dot(f4_6,vec4(-.01,-.01,.01,-.02))+
    dot(f4_7,vec4(-.02,.01,-.02,.02))+
    0.061;