vec4 queryNetwork(vec3 p){
    vec4 PE_0 = vec4(p.x,p.y,p.z,sin(1.00*p.x));
    vec4 PE_1 = vec4(sin(1.00*p.y),sin(1.00*p.z),cos(1.00*p.x),cos(1.00*p.y));
    vec4 PE_2 = vec4(cos(1.00*p.z),sin(2.00*p.x),sin(2.00*p.y),sin(2.00*p.z));
    vec4 PE_3 = vec4(cos(2.00*p.x),cos(2.00*p.y),cos(2.00*p.z),sin(4.00*p.x));
    vec4 PE_4 = vec4(sin(4.00*p.y),sin(4.00*p.z),cos(4.00*p.x),cos(4.00*p.y));
    vec4 PE_5 = vec4(cos(4.00*p.z),sin(8.00*p.x),sin(8.00*p.y),sin(8.00*p.z));
    vec4 PE_6 = vec4(cos(8.00*p.x),cos(8.00*p.y),cos(8.00*p.z),sin(16.00*p.x));
    vec4 PE_7 = vec4(sin(16.00*p.y),sin(16.00*p.z),cos(16.00*p.x),cos(16.00*p.y));
    vec4 PE_8 = vec4(cos(16.00*p.z),sin(32.00*p.x),sin(32.00*p.y),sin(32.00*p.z));
    vec4 PE_9 = vec4(cos(32.00*p.x),cos(32.00*p.y),cos(32.00*p.z),0.0);
    
    vec4 f0_0 = relu(
    mat4(-.01,.23,.03,-.20,.70,.26,.43,.13,.34,.32,-.03,.67,-.28,.05,.02,.08) * PE_0 +
    mat4(.37,.18,.27,.07,.27,.40,-.02,.79,-.34,.01,-.34,-.23,-.42,-.01,-.03,.05) * PE_1 +
    mat4(-.14,-.20,.05,-.01,-.62,.12,.19,.09,.04,.14,.26,.29,.34,.16,-.02,.72) * PE_2 +
    mat4(.38,-.20,-.19,-.60,-.20,-.00,-.20,-.21,-.23,-.20,-.09,-.02,.35,-.73,.04,.74) * PE_3 +
    mat4(-.24,-.48,.38,-.45,.04,.11,-.03,.55,-.81,-.87,.80,-.82,1.62,.09,.71,.80) * PE_4 +
    mat4(-.02,-.33,-.19,-.21,1.18,-.41,-.93,.60,-.18,-.40,-.49,-.02,.03,.23,.13,.16) * PE_5 +
    mat4(-.25,-.47,-.55,.88,-.69,.34,.19,-.27,-.04,-1.22,-.76,-.66,-.28,.34,-.07,-1.30) * PE_6 +
    mat4(-.01,.16,.03,.01,.22,-.16,-.06,-.00,.48,-.10,.58,-.36,.09,.16,-.01,.12) * PE_7 +
    mat4(-.07,.04,-.95,.43,-.27,-.82,-.74,-.25,-.01,.05,-.14,.01,.18,-.37,-.05,.29) * PE_8 +
    mat4(-.14,-.07,-.10,.13,.07,.02,-.03,-.00,-.31,.37,-.00,.22,.00,.00,.00,.00) * PE_9 + vec4(-.06,.01,-.09,.07));
    vec4 f0_1 = relu(
    mat4(-.22,-.09,-.68,-.88,.66,.08,.87,-.12,.09,-.59,-.23,.23,-.04,.15,-.40,-.22) * PE_0 +
    mat4(.26,.02,.71,.05,.06,-.85,-.11,.24,-.43,.23,.01,-.55,-.28,.34,-.21,-.26) * PE_1 +
    mat4(.05,.03,.06,-.49,.07,.21,-.52,-.37,-.26,-.23,.39,.54,.18,-.88,-.34,-.07) * PE_2 +
    mat4(.59,.41,.51,.12,.12,.46,.16,.00,.14,.37,-.17,-.51,-.29,-.14,-.64,-.50) * PE_3 +
    mat4(-.48,.02,-.42,.75,.13,-.43,-.46,-.03,-.84,.02,.90,-.10,1.23,.13,-.11,.79) * PE_4 +
    mat4(-.29,.35,.17,-.37,.21,-.30,-.02,.99,.21,.20,.13,1.16,.04,-.26,-.41,-.43) * PE_5 +
    mat4(-.60,-.10,-.61,.11,-.59,-.05,-.08,-.60,-.58,.49,.53,-.62,.24,.09,.33,-.07) * PE_6 +
    mat4(-.10,.15,-.15,.15,.41,-.47,.19,.23,.55,.31,.08,-.13,.07,.18,.02,.23) * PE_7 +
    mat4(.45,.08,-.04,.24,.46,-.04,-.11,.00,.04,-.03,-.05,-.13,.30,-.42,-.04,.03) * PE_8 +
    mat4(-.43,-.03,.14,-.09,.01,.21,-.02,.04,-.32,-.18,-.18,-.37,.00,.00,.00,.00) * PE_9 + vec4(-.07,.17,-.10,-.35));
    vec4 f0_2 = relu(
    mat4(-.23,.70,.51,-1.01,.58,-.71,.68,-.69,.21,.11,.31,-.02,.24,.35,.18,-.01) * PE_0 +
    mat4(.41,.12,.44,-.32,.25,-.10,.41,-.02,-.20,-.95,-.36,-.67,-.25,-.52,-.54,-.96) * PE_1 +
    mat4(-.47,-.04,.07,.03,.28,-.15,-.05,.81,.31,.42,-.40,.13,.05,-.21,.15,.06) * PE_2 +
    mat4(.83,-1.03,-.56,-.70,.12,-.21,-.97,-.67,-.49,.13,.00,.01,.79,-.48,.02,.03) * PE_3 +
    mat4(.40,.41,-.11,.13,-.13,.06,.20,-.11,-1.23,.95,.44,.07,.88,-1.13,-.64,.78) * PE_4 +
    mat4(-.25,-.17,-.23,-.05,.12,-.36,-.54,.24,-.52,-.12,.16,.01,.07,-.01,-.01,-.04) * PE_5 +
    mat4(.02,-.39,.27,.68,-.25,-.02,-.47,.30,.02,-.15,-.45,-.00,-.12,.26,-.15,-.09) * PE_6 +
    mat4(.01,-.07,.33,-.14,.15,.01,-.13,-.05,-.06,.11,-.61,-.75,.20,-.23,.77,-.54) * PE_7 +
    mat4(.58,-.23,.17,-.22,.40,.32,.07,-.10,.12,-.06,-.39,.77,.01,.01,.13,-.06) * PE_8 +
    mat4(-.79,.25,-.70,-.41,-.06,.23,-.05,-.03,-.37,-.12,-.02,-.13,.00,.00,.00,.00) * PE_9 + vec4(-.26,-.11,.09,-.12));
    vec4 f0_3 = relu(
    mat4(-.15,.53,.50,.12,-.16,.69,.02,.03,-.10,-.07,-.46,.30,-.00,.11,.15,-.00) * PE_0 +
    mat4(.08,.33,-.03,.11,-.28,.14,-.41,.44,-.66,-.43,-.50,-.23,-.20,-.33,-.42,-.33) * PE_1 +
    mat4(-.10,-.07,.09,-.23,-.04,-.17,-.34,-.02,.28,-.52,.33,-.22,-.43,.03,-.52,.27) * PE_2 +
    mat4(-1.82,.27,-1.43,-.12,-.96,-.06,-1.90,-.28,.21,-.17,.23,-.54,.16,.42,-.23,.18) * PE_3 +
    mat4(.27,-.50,.15,-.00,-.39,-.15,-.35,.06,.58,.74,-.11,.40,-.92,.70,.19,.15) * PE_4 +
    mat4(-.12,.00,.09,-.63,.20,.30,-.00,1.09,-.14,.07,.04,.14,-.23,.25,-.31,-.00) * PE_5 +
    mat4(-.29,-.38,-.12,.65,-.15,-.38,.01,-.01,-.29,-.03,.01,-1.19,-.11,-.29,-.01,.50) * PE_6 +
    mat4(.74,-.05,.04,-.01,.01,.83,-.32,-.03,.93,1.05,.03,-.51,-.07,.04,-.02,-.04) * PE_7 +
    mat4(-.18,-.23,.26,-.18,.16,.25,-.01,1.74,.22,.08,.01,.02,.05,.09,-.38,.35) * PE_8 +
    mat4(-.26,-.24,-.02,.20,-.01,.08,-.00,-.03,.20,-.01,.27,.39,.00,.00,.00,.00) * PE_9 + vec4(.05,-.16,.15,-.37));
    vec4 f0_4 = relu(
    mat4(-.18,.01,.70,-.06,.04,.97,.25,.28,-.12,.56,-.57,-.28,-.06,.21,.46,.44) * PE_0 +
    mat4(.18,.34,-.10,.21,-.10,.63,-.62,-.42,-.49,-.12,-.53,-.31,-.52,-.27,-.84,-.18) * PE_1 +
    mat4(.20,-.16,.16,-.38,.16,-.20,.12,.50,.35,-.70,.01,.16,-.24,.40,-.84,-.60) * PE_2 +
    mat4(-1.81,-.03,-.99,.31,-1.89,-.53,-1.15,.02,.43,-.43,.08,-.09,-.10,-.30,-.16,.63) * PE_3 +
    mat4(.01,.15,.02,-.50,-.47,.14,-.60,-.63,.10,.36,.28,.35,-.07,.64,.72,-.34) * PE_4 +
    mat4(.15,-.17,-.01,-.31,.03,-.79,-.88,.25,.02,-.02,-.03,-.20,-.05,.03,-.26,-.37) * PE_5 +
    mat4(-.13,-.47,-.05,-1.38,-.21,-.23,-.22,.09,-.05,.11,-.29,-.29,.01,-.60,-.05,.95) * PE_6 +
    mat4(-.09,.08,-.13,-.63,-.08,.51,-.09,.78,.08,.28,.39,-.47,.07,.06,.09,.18) * PE_7 +
    mat4(-.45,-.64,-.21,.17,-.13,-.18,.13,.28,-.13,.07,.06,-.15,.16,.28,-.13,-.19) * PE_8 +
    mat4(.06,-.96,-.06,.21,-.03,-.05,.00,.03,.14,.18,-.59,.05,.00,.00,.00,.00) * PE_9 + vec4(.14,-.02,-.02,-.43));
    vec4 f0_5 = relu(
    mat4(-.47,.53,.40,.67,-.44,-.07,.57,-.11,.80,-.05,.35,.38,-.02,.05,.28,.39) * PE_0 +
    mat4(.09,-.04,.41,-.19,.80,-.13,.22,.34,-.33,-.47,-.28,-.21,-.39,-.78,-.30,-.56) * PE_1 +
    mat4(.18,.08,-.17,-.09,.35,-.42,.21,.15,.61,.52,.29,-.54,.65,-.20,.30,.49) * PE_2 +
    mat4(-.58,-1.03,-.93,-.67,-.86,-1.63,-.61,-.67,-.08,.14,-.29,.13,.35,.09,-.37,.04) * PE_3 +
    mat4(-.23,-.14,-.24,-.20,.44,-.07,.39,.38,-.68,-.80,-.38,-.15,.48,.19,-.29,-.26) * PE_4 +
    mat4(-.18,-.05,-.24,-.06,.37,-.06,.17,-.95,-.05,.46,.95,.54,.07,-.02,.11,.07) * PE_5 +
    mat4(.40,.48,-.55,-.53,.16,-.41,-.72,.32,-.48,-.17,-.38,-.57,-.18,.02,.65,.31) * PE_6 +
    mat4(.54,-.26,-.25,-.15,.07,-.07,.63,.20,.35,-.31,.19,.11,-.27,.10,.68,-.22) * PE_7 +
    mat4(-.21,-.01,.25,.16,-.02,.04,-.31,.33,.08,.12,.15,.08,-.44,-.05,.22,-.23) * PE_8 +
    mat4(-.29,-.14,.33,.01,.08,.29,-.18,-.07,-.58,.00,-.12,.13,.00,.00,.00,.00) * PE_9 + vec4(.25,-.13,-.16,-.10));
    vec4 f0_6 = relu(
    mat4(.25,.66,-.16,.72,-.21,-.35,.01,-.64,.08,-.46,-.72,-.24,-.05,.43,.07,.14) * PE_0 +
    mat4(.02,-.15,.14,.10,.24,-.34,-.75,-.16,-.78,-.43,-.01,-.47,-.19,-.42,.19,-.73) * PE_1 +
    mat4(.06,-.13,.02,-.22,-.35,-.21,.16,-.76,.01,.55,.24,.76,.37,-.64,-.86,-.38) * PE_2 +
    mat4(-1.60,-1.02,.12,.53,-.96,-1.26,-.07,.47,.19,.14,.29,-.25,-.37,-.25,.33,-.04) * PE_3 +
    mat4(.04,.02,-.12,-.11,.23,-.35,-.54,-.40,1.25,.13,.57,.95,-.69,-.16,-.27,.97) * PE_4 +
    mat4(.14,-.13,.20,-.25,.03,-.11,-.12,.09,-.55,.36,-.55,-.28,.07,-.28,-.28,-.71) * PE_5 +
    mat4(.59,.07,.09,-.25,.59,-.10,-.20,-.18,.03,-.25,-.02,-.05,-.38,.07,.01,.56) * PE_6 +
    mat4(-.23,-.07,.07,.31,.21,-.14,-.13,-.26,-.21,-.13,.47,-.28,.30,-.02,-.02,-.22) * PE_7 +
    mat4(-.10,-.63,-.60,.09,-.10,.17,.08,.25,-.07,.09,.08,.17,.04,.17,-.06,.15) * PE_8 +
    mat4(.05,.11,-.75,-.01,.04,-.15,-.01,-.03,-.07,-.73,-.18,-.05,.00,.00,.00,.00) * PE_9 + vec4(.04,-.02,.06,-.27));
    vec4 f0_7 = relu(
    mat4(.10,.64,.25,-.81,-.14,.81,-.10,.45,-.77,-.02,.84,-.11,-.27,.33,.06,-.22) * PE_0 +
    mat4(.01,.60,-.03,.34,-.66,.26,.81,-.46,-.46,-.29,-.26,-.31,-.43,-.33,-.12,-.49) * PE_1 +
    mat4(.21,-.05,.14,-.04,-.32,-.22,-.00,.13,.20,-.04,.15,.03,-1.07,.16,.55,-.36) * PE_2 +
    mat4(-1.15,-.08,-.51,-.07,-1.19,-.21,-.32,-1.08,.20,-.22,-.36,.08,.01,.56,-.13,.79) * PE_3 +
    mat4(-.27,-1.58,-.32,.42,-.89,-.05,.19,-.70,-.14,.32,-.55,-.11,.36,.18,1.14,.71) * PE_4 +
    mat4(-.13,-.31,-.30,.09,.11,.50,-.38,.50,.00,-.07,-.23,.39,-.58,-.01,-.20,-.55) * PE_5 +
    mat4(-.18,.88,.95,.81,-.39,.11,-.12,.12,-.34,-.37,.14,-.15,-.02,.32,.14,-.34) * PE_6 +
    mat4(-.01,-.22,.12,.03,-.06,.26,.47,.10,-.10,-.12,.52,-.41,-.02,.27,.06,-.18) * PE_7 +
    mat4(-1.26,.15,.67,-.03,-.06,-.16,.04,.05,-.00,.19,-.09,-.10,.05,.06,.48,-.05) * PE_8 +
    mat4(.03,.63,-.40,.09,-.06,-.12,.03,-.13,-.58,-.14,-.17,.12,.00,.00,.00,.00) * PE_9 + vec4(.26,-.05,.15,-.08));
    vec4 f0_8 = relu(
    mat4(.41,-.49,-.17,-.06,.35,-.51,.48,.32,-.48,-.34,-.24,-.62,.42,-.24,-.30,-.12) * PE_0 +
    mat4(.40,-.30,.22,.29,-.51,-.18,-.41,-.51,-.13,-.64,-.32,-.16,.07,-.04,-.34,-.16) * PE_1 +
    mat4(-.04,.14,.16,.18,.53,.21,-.62,.20,-.03,-.07,.08,.25,-.46,-.65,-.64,-.89) * PE_2 +
    mat4(.58,-1.05,-1.44,-.18,.80,-.65,-1.20,-.22,-.04,-.08,.12,.15,.28,.40,.11,.63) * PE_3 +
    mat4(-.33,-.25,-.45,.45,-.16,-.54,-.31,-.83,1.35,.94,-.02,.09,.21,-.08,-.33,.49) * PE_4 +
    mat4(.05,-.09,.11,-.29,-1.09,.29,-.63,-.23,-.18,.50,.26,-.06,.34,-.30,-.27,-.67) * PE_5 +
    mat4(.18,-.57,-.29,-.02,-.08,.78,-.29,.39,.16,-.28,.16,-.51,.31,-.04,-.12,.32) * PE_6 +
    mat4(-.06,.07,-.05,-.04,1.08,.02,-.52,-.36,-.57,-.18,-.01,.41,.06,-.06,-.23,-.14) * PE_7 +
    mat4(-.43,-.10,.11,-.87,.07,-.08,-.12,.37,.11,-.07,.04,.04,.48,.01,-.18,.24) * PE_8 +
    mat4(.04,.04,.00,-.40,-.02,.08,-.07,-.02,-.17,-.04,.00,-.41,.00,.00,.00,.00) * PE_9 + vec4(-.41,.01,.16,-.06));
    vec4 f0_9 = relu(
    mat4(-.30,.39,-.57,.00,.19,-.51,-.15,.20,.64,-.06,.04,.18,-.07,-.04,-.45,.36) * PE_0 +
    mat4(.12,-.14,-.01,.04,.43,-.16,.18,.06,-.17,-.37,-.21,-.21,-.20,-1.00,-.17,-.75) * PE_1 +
    mat4(.09,-.03,-.17,.01,.37,-.04,-.84,.30,-.16,.39,.07,.02,.68,-.08,.01,-.00) * PE_2 +
    mat4(-.51,-.28,-.11,-.22,-.75,-.83,.31,-.86,-.14,-.12,-.36,.10,.86,.01,-1.55,-.26) * PE_3 +
    mat4(-.28,-.09,-.39,-.32,.57,-.19,-.07,-.16,.19,-.81,.18,-.99,-.46,.86,-.55,1.02) * PE_4 +
    mat4(-.32,-.01,-.10,.10,.16,-.72,-.05,.05,.17,1.05,.26,.70,-.04,-.30,.05,-.18) * PE_5 +
    mat4(.17,.03,-.40,.79,.29,-.21,-.33,-.70,-.70,-.08,.05,-.13,.43,-.03,-.03,.42) * PE_6 +
    mat4(.19,-.06,-.11,.22,.02,-.10,.13,.07,-.35,.43,.58,.15,-.01,-.45,-.22,-.01) * PE_7 +
    mat4(1.05,-.09,-.34,-.18,-.20,-.07,.02,.10,-.09,.21,-.02,-.06,-.03,-.14,.29,-.04) * PE_8 +
    mat4(-.17,.18,-.78,-.11,.04,-.33,.15,.13,-.22,-.14,-.07,.07,.00,.00,.00,.00) * PE_9 + vec4(.18,-.29,-.15,-.13));
    vec4 f0_10 = relu(
    mat4(-.32,.35,.35,.16,.04,.71,.13,-.06,-.89,.32,-.12,.63,-.27,.47,.11,-.06) * PE_0 +
    mat4(.04,.66,.17,-.13,-.79,.19,-.42,.63,-.27,-.17,-.13,-.23,-.49,-.24,-.16,-.31) * PE_1 +
    mat4(.23,-.24,-.12,.26,-.54,.32,-.20,-.08,.29,.29,.27,.35,-1.12,.34,-.59,.57) * PE_2 +
    mat4(-1.11,-.49,.24,-1.06,-1.33,-.64,.02,-1.72,.15,-.10,-.09,.15,-.39,.26,.87,-.07) * PE_3 +
    mat4(-.47,.06,.28,.06,-.68,.13,-.37,.19,.97,-.04,1.14,-.10,-.11,-.42,-.12,.10) * PE_4 +
    mat4(-.00,-.12,-.07,.03,.64,.21,.57,-.02,.16,.61,-.42,.15,-.47,.10,-.20,.21) * PE_5 +
    mat4(-.36,.66,-.21,.70,.32,.16,.62,-.30,-.29,-.27,-.02,.11,.53,-.29,-.60,.05) * PE_6 +
    mat4(-.02,-.10,.35,.49,-.19,.25,.28,.65,.08,-.06,.05,.03,.04,-.67,-.34,-.24) * PE_7 +
    mat4(-.48,-.48,-.11,-.08,.03,.04,.10,-.03,-.03,-.01,.03,.06,.03,-.01,-.09,.33) * PE_8 +
    mat4(.02,.22,.35,.07,.07,-.10,-.01,.27,-.32,.10,-.08,-.12,.00,.00,.00,.00) * PE_9 + vec4(.24,-.11,-.20,.33));
    vec4 f0_11 = relu(
    mat4(-.62,.02,.28,-.00,-.13,-.53,-.03,-.62,.46,-.18,-.36,1.00,-.33,-.09,.33,-.01) * PE_0 +
    mat4(-.05,.20,.05,-.41,.43,-.35,-.35,.91,-.19,-.30,.30,-.26,-.06,-.49,.38,-.13) * PE_1 +
    mat4(-.23,-.23,.14,-.07,.32,-.27,.54,-.24,.09,.20,-.00,-.18,.23,-.26,-.08,.87) * PE_2 +
    mat4(-.50,-.35,.43,.11,.12,.13,.55,-.27,-.53,-.13,.31,-.36,.54,-.35,.30,.58) * PE_3 +
    mat4(-.04,.44,.07,-.02,-.04,-.15,.02,.17,.37,.44,.40,-.28,.05,-.48,-.28,-.46) * PE_4 +
    mat4(-.43,-.07,.16,-.55,.77,.18,.13,.68,.08,.86,.29,.90,.05,.17,.34,-.17) * PE_5 +
    mat4(-.51,.88,.82,-.76,-.28,-.62,-.06,.47,-.81,-.35,.19,-.22,-.59,-.43,-.15,-.11) * PE_6 +
    mat4(.01,.76,-.20,-.17,.44,.41,-.15,.23,-.51,.78,-.76,-.16,-.00,.23,-.07,.13) * PE_7 +
    mat4(-.09,-.82,-.18,.46,-1.09,-.62,-.21,.02,.03,-.21,.02,-.14,-.29,-.04,-.20,.22) * PE_8 +
    mat4(.93,-.07,.09,.19,.14,-.27,-.09,.04,.04,-.40,-.05,-.00,.00,.00,.00,.00) * PE_9 + vec4(-.10,-.04,-.09,-.15));
    vec4 f0_12 = relu(
    mat4(-.14,-.64,-.32,.06,-.01,.06,.01,-.39,-.26,.34,.16,-.33,.22,-.03,.08,.15) * PE_0 +
    mat4(-.20,.04,.17,-.37,-.22,.14,.30,-.53,-.33,-.26,-.75,-.07,-.29,-.66,-.21,-.10) * PE_1 +
    mat4(-.29,-.19,.24,-.02,.26,.50,.25,.15,-.44,-.56,.11,-.22,-.18,-.14,.43,-.62) * PE_2 +
    mat4(.19,.60,-1.77,-.95,.22,.52,-.83,-.93,-.03,-.39,.26,.18,.00,-.05,-.19,-.13) * PE_3 +
    mat4(.35,-.55,.31,.48,.11,-.45,.25,-.43,.75,1.32,.82,-.32,.17,-.76,-.91,-.15) * PE_4 +
    mat4(-.09,-.35,.07,.02,-1.21,-.07,-.31,.54,.52,-.97,.18,-.13,.34,-1.10,.27,-.53) * PE_5 +
    mat4(.29,-.20,.09,.17,-.21,.20,-.43,.05,-.34,-.03,.18,.05,.18,.03,-.15,-.07) * PE_6 +
    mat4(.13,-.33,.15,.02,.19,.06,.61,-.46,-.64,-.08,.85,-.04,-.25,.33,-.08,-.04) * PE_7 +
    mat4(-.74,-.03,-.50,.06,.01,-.09,.02,.01,.04,-.10,-.11,-.07,.13,-.29,-.17,-.35) * PE_8 +
    mat4(-.58,-.08,-.04,-.01,-.06,.22,.02,.06,.17,-.16,-.25,-.26,.00,.00,.00,.00) * PE_9 + vec4(-.27,-.21,.11,-.14));
    vec4 f0_13 = relu(
    mat4(-.73,.31,.63,.86,.38,-.42,-.42,1.21,-.28,.12,.14,.17,-.16,.16,.47,.32) * PE_0 +
    mat4(.23,-.38,-.05,.49,-.48,.19,.43,.30,-.46,.08,-.42,-.55,-.27,.07,-.41,-.47) * PE_1 +
    mat4(-.26,-.03,.03,-.21,-.27,.44,.01,-.36,-.31,-.34,.49,-.39,-.57,.34,.26,-.09) * PE_2 +
    mat4(.50,-.22,-.67,-.35,.21,-.28,-1.43,-.41,-.10,.01,.30,.08,.00,.23,-.56,-.31) * PE_3 +
    mat4(-.28,-.04,.17,-.19,-.57,.20,.24,-.02,.84,.21,.60,1.07,.62,.58,-.25,-.22) * PE_4 +
    mat4(.03,.05,.08,-.08,.36,.80,.03,-.41,-.25,.08,-.11,-.41,-.48,.27,.14,-.31) * PE_5 +
    mat4(.42,.38,-.09,-.26,-.32,-.52,.16,.26,.03,-.08,-.18,-.24,-.70,-.47,-.15,.80) * PE_6 +
    mat4(.10,-.13,-.02,.30,.61,-.21,.25,.11,-.51,-.43,-.06,-.28,.01,.04,-.05,.81) * PE_7 +
    mat4(.75,.16,-.15,-.11,-.61,-.29,.01,.25,-.08,.09,.20,-.10,-.13,-.15,.36,.03) * PE_8 +
    mat4(.21,.17,-.09,-.16,.23,-.12,-.20,-.06,-.14,-.22,.12,.08,.00,.00,.00,.00) * PE_9 + vec4(-.16,-.15,.19,.08));
    vec4 f0_14 = relu(
    mat4(-.51,-.23,-.15,-.58,.68,-.74,.13,.39,.02,.47,.03,.70,-.19,.00,.09,-.33) * PE_0 +
    mat4(.43,-.56,.22,.05,.06,.44,.18,.69,-.02,-.34,-.69,-.07,-.34,-.39,-.03,-.14) * PE_1 +
    mat4(-.17,.06,-.09,.03,-.02,.24,.07,-.43,-.44,-.12,.11,-.57,-.26,.29,-.12,.38) * PE_2 +
    mat4(.36,-.98,-1.83,.24,.07,-1.16,-.92,.41,-.28,.15,-.02,-.34,-.22,-.04,.08,-.72) * PE_3 +
    mat4(-.12,-.01,.55,-.12,-.17,.40,-.19,.23,.47,.04,1.59,-.63,.78,.20,-1.04,.90) * PE_4 +
    mat4(-.07,-.21,-.01,-.26,.61,-.06,.17,.74,.08,.41,-.38,.85,-.17,.31,-.24,.03) * PE_5 +
    mat4(-.59,-.85,-.18,.07,-.28,.87,.48,-.37,-.48,-.24,.14,.01,-.49,-.22,.11,.53) * PE_6 +
    mat4(-.01,-.42,.03,-.08,.98,.38,-.19,.93,.34,.15,-.08,.23,.10,-.07,-.03,-.10) * PE_7 +
    mat4(-.49,-.44,.23,.29,.89,-.03,-.08,.05,-.03,.07,.11,-.05,-.42,.04,-.06,-.02) * PE_8 +
    mat4(1.01,-.01,-.18,.60,.03,-.10,.06,-.19,.20,-.28,.06,.04,.00,.00,.00,.00) * PE_9 + vec4(-.15,-.10,.02,.00));
    vec4 f0_15 = relu(
    mat4(-.69,.55,-.20,.34,-.18,-.21,.09,-.07,-.34,-.08,-.53,-.48,-.07,.04,-.32,.20) * PE_0 +
    mat4(-.05,-.07,.25,.23,-.30,.00,-.55,-.62,-.55,-.69,-.21,-.31,-.99,-.29,-.08,-.52) * PE_1 +
    mat4(.05,.07,-.09,-.06,.68,-.38,-.88,.03,.54,.61,-.11,.06,-.45,-.05,-.68,-.62) * PE_2 +
    mat4(-.51,-1.70,-.25,-.49,-1.37,-.88,.12,-1.29,.24,.33,-.20,-.10,-.04,.16,-.59,.50) * PE_3 +
    mat4(-.27,.02,1.26,-.81,-.27,-.14,-.57,-.56,-.72,.21,.19,-.03,.45,-.25,.18,-.36) * PE_4 +
    mat4(-.06,.11,.04,-.11,.10,-.50,.45,-.72,-.13,.23,-.36,.19,-.16,-.07,-.62,-.32) * PE_5 +
    mat4(-.54,-.01,.24,.55,.09,-.14,.47,.67,.00,-.08,.01,-.31,-.10,.35,-.39,-.38) * PE_6 +
    mat4(-.84,-.13,-.07,-.34,-.03,.02,.09,-.01,-.58,-.01,-.39,-.01,.00,.26,-.01,-.04) * PE_7 +
    mat4(-.06,-.23,-.14,-.31,.00,.20,-.06,-.29,-.05,-.01,.04,.12,.07,.04,-.11,.02) * PE_8 +
    mat4(-.04,.28,-.03,.11,-.05,.15,.11,.23,.08,.11,.08,-.66,.00,.00,.00,.00) * PE_9 + vec4(.01,.06,-.05,-.18));
    
    vec4 f1_0 = relu(
    mat4(-1.04,-.04,-1.10,-1.13,-.23,.34,-.01,-.19,-.19,-.01,.40,1.01,-.38,.14,-.69,-1.22) * f0_0 +
    mat4(-.30,-.49,-.94,-.62,-.06,-.16,.39,.30,-.38,-.37,-1.00,-.76,-.52,-1.28,-.15,-.73) * f0_1 +
    mat4(-.31,.28,-.38,-1.36,-.03,-.00,-.29,-1.46,-.62,.01,-.06,-.37,-.15,-.22,-.87,-1.93) * f0_2 +
    mat4(-.11,.11,-.70,-.66,.44,-.18,.13,1.30,-.46,.36,.50,.08,.06,-.03,-.46,-1.29) * f0_3 +
    mat4(.22,.12,-.23,-.40,-.83,-.04,-.77,-.79,-.07,.12,.88,.03,.23,.30,.80,.72) * f0_4 +
    mat4(.27,.19,-.33,-.83,.45,.43,-1.10,-2.19,-.14,.08,-.27,-.57,-.84,-.18,-.91,-1.02) * f0_5 +
    mat4(-.34,.35,-.63,-1.91,.24,.19,.74,.87,.15,-.19,.25,.46,.04,-.81,-.74,-1.66) * f0_6 +
    mat4(.69,-.30,1.09,2.17,-.60,.00,-.70,-1.80,.35,.09,-.55,-1.80,-.27,.17,-.26,-.27) * f0_7 +
    mat4(.49,-.36,.38,1.41,-.10,.44,-.18,.21,.14,.80,.41,.78,.19,.22,-.04,.60) * f0_8 +
    mat4(-.08,-.35,-.56,-1.22,-.32,-.57,-.31,-1.49,-.05,-.10,-.05,-.67,.50,.23,-.95,-.85) * f0_9 +
    mat4(.22,.29,.48,.80,-.40,.23,-.01,-.55,-.23,-.75,-.25,-.54,.06,-.45,-1.12,-1.52) * f0_10 +
    mat4(-.43,.36,-.59,-.86,.30,-.09,.77,1.37,.37,-.19,.32,.55,-.10,.32,-.56,-1.09) * f0_11 +
    mat4(.41,-.37,.17,.75,-.51,.12,-1.04,-1.72,-.60,.72,-.98,-2.51,.11,-.04,.24,.90) * f0_12 +
    mat4(-.44,-.48,-.39,-.33,-.36,-.21,.01,-.07,-1.02,.31,-.34,-1.64,-.49,-.26,-.53,-1.09) * f0_13 +
    mat4(.48,-.15,-.02,.45,-.38,.73,-.63,-1.63,-.47,-.21,-.49,-1.20,-.60,-.46,-.55,-1.16) * f0_14 +
    mat4(.36,.11,-.25,-.83,-.05,.24,-.79,-.84,.08,.27,-.99,-.15,.28,.39,-.14,1.57) * f0_15 + vec4(.24,-.18,.37,-.03));
    vec4 f1_1 = relu(
    mat4(-.05,.06,.42,.01,-.17,-.27,-.28,-.07,-.03,.52,-.03,.05,-.04,-.25,-.67,.06) * f0_0 +
    mat4(-.07,-.96,-.01,-.14,-.06,-.44,.03,-.05,-.03,-.43,-.20,.01,.01,-.58,.72,-.11) * f0_1 +
    mat4(-.14,-1.15,-.33,-.00,-.15,.95,.48,-.12,-.13,-.33,.04,-.02,-.16,.45,.29,.05) * f0_2 +
    mat4(-.12,.33,.57,.07,-.12,-.38,.09,-.08,.05,.15,-.70,-.06,-.07,-.40,-.14,.01) * f0_3 +
    mat4(.04,.54,.47,-.00,-.10,-.42,-.11,.01,-.16,-.08,-.14,-.04,-.03,.11,-.19,-.11) * f0_4 +
    mat4(-.13,.94,.20,.06,-.11,.43,.46,.00,.04,-.24,.13,-.14,-.12,-.30,-.29,-.13) * f0_5 +
    mat4(-.08,.56,-.66,-.15,-.06,.17,.50,.07,-.15,.19,.18,-.06,-.17,.24,.23,.02) * f0_6 +
    mat4(-.07,.09,.69,-.04,.00,-.19,-.21,.06,-.07,.11,-.32,-.16,.03,.19,.45,.02) * f0_7 +
    mat4(.01,.14,.40,-.12,.03,.60,.02,.07,.01,-.04,-.10,-.10,-.13,-.07,.54,-.07) * f0_8 +
    mat4(.06,.20,.14,-.13,-.12,-.13,-.03,.03,.01,-.70,-.11,-.08,-.12,.60,-.04,-.01) * f0_9 +
    mat4(-.16,.21,.49,-.10,-.13,.37,.01,-.01,.04,-.05,.38,-.04,-.06,.52,-.72,-.00) * f0_10 +
    mat4(-.05,.34,.35,-.14,-.07,.43,.09,-.03,-.08,-.31,.19,-.06,-.06,.09,-.69,-.16) * f0_11 +
    mat4(-.08,.14,.57,.03,.06,-.66,-.15,-.06,-.05,.33,-.08,-.05,-.01,-.11,-.11,.03) * f0_12 +
    mat4(-.00,.65,.01,.01,-.15,-.42,-.35,-.10,-.10,.84,-.39,-.05,-.09,.32,-.53,-.01) * f0_13 +
    mat4(.01,-.01,-.03,-.04,.02,.19,-.00,-.13,.05,.90,-.14,-.10,-.04,-.66,-.27,-.11) * f0_14 +
    mat4(.03,.27,.52,.06,-.15,.09,.58,-.08,.00,-.03,.13,-.10,-.10,-.16,.36,-.03) * f0_15 + vec4(-.06,-.35,-.34,-.07));
    vec4 f1_2 = relu(
    mat4(-.04,-.15,.66,-.16,-.08,.02,.14,.06,-.08,.05,.36,.16,-.11,.02,.04,.13) * f0_0 +
    mat4(-.15,-.14,-.12,-.33,-.15,-.14,-.12,-.11,-.09,-.04,.12,.24,-.01,-.09,-.30,-.46) * f0_1 +
    mat4(-.07,-.15,.29,-.52,-.02,-.16,.61,.71,-.05,-.08,.15,.58,-.02,-.15,.31,-.08) * f0_2 +
    mat4(.02,-.09,-.07,.07,-.01,-.02,.25,.11,-.04,-.00,-.32,-.70,-.12,-.07,.07,-.53) * f0_3 +
    mat4(-.01,-.09,.88,1.33,-.10,-.01,.18,.39,-.05,.01,.04,.08,-.17,-.15,-1.36,.16) * f0_4 +
    mat4(.03,-.05,.47,-.57,.08,-.08,.05,.02,-.04,-.08,-.42,-.50,-.08,-.15,.23,-.05) * f0_5 +
    mat4(.09,-.16,.03,-.81,-.17,-.10,-.17,-.17,.07,-.15,-.31,.07,.04,-.14,.09,-.39) * f0_6 +
    mat4(-.17,.02,-.04,-.02,-.12,-.01,-.07,-.26,-.00,.03,-.20,-.21,-.13,.03,.48,-.85) * f0_7 +
    mat4(.05,-.13,-.07,.33,-.02,-.10,.19,.07,-.10,-.15,-.22,-.16,-.11,-.16,.20,-.37) * f0_8 +
    mat4(-.00,-.10,-.12,.31,-.15,-.08,.01,.13,-.03,-.02,.07,-.24,.01,.05,.09,-.06) * f0_9 +
    mat4(-.14,-.18,.01,.02,-.08,.01,.17,-.73,-.07,.01,-.27,.24,-.12,-.15,-.18,-1.03) * f0_10 +
    mat4(-.06,-.04,.22,.13,-.04,-.10,-.61,.10,-.06,-.09,-.02,-.32,-.09,-.02,.42,.08) * f0_11 +
    mat4(-.14,-.09,.39,-.01,-.17,-.11,.38,-.21,.01,-.15,.68,1.05,-.06,-.05,-.28,.12) * f0_12 +
    mat4(-.10,.03,-.02,.17,-.08,-.14,-.15,-.30,.02,-.00,-.19,.74,.05,-.00,.09,-.27) * f0_13 +
    mat4(.02,-.05,.33,.21,-.11,-.07,-.25,.43,-.11,.05,.61,.73,-.13,.02,.25,-.05) * f0_14 +
    mat4(-.16,.03,.43,.30,-.07,.07,.05,.28,-.06,-.10,-.60,.10,-.05,-.15,-.17,.09) * f0_15 + vec4(.07,.02,-.16,.07));
    vec4 f1_3 = relu(
    mat4(-.14,.10,.01,-1.19,-.09,.41,-.01,.14,.10,.01,-.10,.37,-.17,-.31,.03,-.04) * f0_0 +
    mat4(-.11,.09,-.12,-.67,-.21,.31,-.11,-.44,-.03,.16,-.02,.24,-.08,1.23,.06,.28) * f0_1 +
    mat4(-.09,-.31,-.09,-.78,-.04,-.71,.06,.72,-.23,.27,.02,.03,-.07,-.40,.01,.54) * f0_2 +
    mat4(-.16,-.36,-.12,.68,-.19,-.21,-.08,-1.34,-.01,-.87,-.13,.11,.01,.26,-.09,-.20) * f0_3 +
    mat4(-.16,-3.18,-.07,.63,-.07,-.12,-.00,-.17,.07,-.44,-.03,-.08,-.01,.75,-.06,-.12) * f0_4 +
    mat4(.05,-.47,.01,.40,-.15,-1.11,-.11,.03,-.17,-.20,.08,-.06,-.20,.15,-.11,-.45) * f0_5 +
    mat4(-.32,-1.08,.08,.82,-.16,-.00,-.10,.22,-.05,.20,-.18,-.15,.05,.56,.06,.94) * f0_6 +
    mat4(-.09,.33,-.10,-.02,-.13,.16,-.07,.45,-.05,-.17,-.03,.31,-.07,-1.48,-.16,-.76) * f0_7 +
    mat4(.02,.20,.00,-.08,-.15,-1.18,-.15,.05,.00,-1.80,.04,-.13,-.02,-.16,-.13,-.17) * f0_8 +
    mat4(-.15,-.17,-.13,-.13,.06,.14,.01,-.14,-.21,-.23,-.07,-.74,-.13,-.28,.03,.76) * f0_9 +
    mat4(-.18,-.77,-.15,-.29,-.18,-.31,-.03,.35,-.22,.38,-.10,-.17,-.14,-.69,.07,.52) * f0_10 +
    mat4(.05,-.02,.04,.06,.09,.40,-.08,.51,-.15,.42,-.01,-.01,-.11,-.76,-.10,-.35) * f0_11 +
    mat4(-.32,.23,-.18,-.47,-.20,-.11,-.03,.31,-.12,-.65,-.11,-.15,-.00,.23,.03,.11) * f0_12 +
    mat4(-.10,.09,-.17,-.41,-.24,.25,-.09,.04,.08,-.83,-.12,.59,-.16,.25,-.04,.50) * f0_13 +
    mat4(.01,.22,-.16,.80,-.19,-.52,-.05,.49,.03,.18,-.07,.30,-.06,-.31,-.01,-.02) * f0_14 +
    mat4(.04,-.07,-.00,.48,.02,-.42,.07,-.18,-.06,-.19,-.12,-.36,.05,.05,-.11,-.13) * f0_15 + vec4(-.14,-.17,-.01,-.41));
    vec4 f1_4 = relu(
    mat4(.05,-.24,-.10,.85,.38,-.26,.01,-.44,-.05,-.32,.01,-.42,.44,-.07,-.01,-.36) * f0_0 +
    mat4(-.01,-.01,-.10,.00,-.16,.15,-.26,-.21,-.33,-1.50,-.02,-.09,.95,.32,-.08,1.49) * f0_1 +
    mat4(-.23,-.58,-.04,-.56,.85,-.64,-.01,-.83,-.17,.08,-.11,.86,1.41,-.61,-.12,-.61) * f0_2 +
    mat4(.61,-.14,-.04,.15,-.05,-.12,-.06,.82,.23,-.41,-.18,.51,.10,-.50,-.10,-.08) * f0_3 +
    mat4(.84,-.03,.02,.92,1.16,-.71,-.14,.35,.54,-3.34,.05,.32,.07,-.42,.07,.85) * f0_4 +
    mat4(.20,-.05,-.12,.18,.49,.66,-.12,.26,.25,-.54,.07,-1.01,.14,-.19,.01,.32) * f0_5 +
    mat4(.80,.29,-.10,.49,-1.10,-.88,-.04,-1.13,-.24,-.06,-.12,-.49,-.34,-.53,.03,.48) * f0_6 +
    mat4(-2.44,-2.68,-.14,-.33,.63,-.13,.01,.05,.58,-.34,.10,-.17,-.54,-.84,.01,.72) * f0_7 +
    mat4(-.43,.35,-.24,-.20,-.18,-1.79,.04,-.37,.42,-.44,-.10,.11,-.99,-.89,-.12,.11) * f0_8 +
    mat4(.37,-.36,.07,-1.04,.75,.07,.01,.35,-.60,-1.32,-.05,-.00,.67,-.80,.10,.57) * f0_9 +
    mat4(-.27,1.08,-.16,-.10,-.40,-.07,-.16,-.70,.25,-.25,-.05,-.39,.20,-.11,-.06,.25) * f0_10 +
    mat4(.44,.16,-.03,.90,-.51,.20,-.02,-.24,-.26,.57,-.23,-.25,.41,.30,.08,-.07) * f0_11 +
    mat4(.25,-.08,-.05,.51,.56,.54,-.19,-.31,1.22,-.63,-.08,1.24,-.00,-3.37,-.18,-.06) * f0_12 +
    mat4(.21,-1.60,-.23,-.03,.19,-.05,-.20,-.19,.35,-.56,.03,-.17,.25,-.45,-.05,.41) * f0_13 +
    mat4(-.24,-1.18,.02,.36,.63,.53,-.10,-.50,1.39,-1.93,-.08,1.38,.57,-.23,-.01,.18) * f0_14 +
    mat4(.86,.75,.09,1.04,.74,-1.37,.02,.37,-.42,-.96,.02,-.15,-1.01,-.35,-.09,.08) * f0_15 + vec4(.01,.28,-.13,-.64));
    vec4 f1_5 = relu(
    mat4(-.59,-.17,.02,.82,.30,.06,-.05,-.02,-.15,.33,-.09,.41,.12,-.39,.00,-.38) * f0_0 +
    mat4(.06,-.06,.01,.55,-.28,-.09,.00,-.11,-.31,-.36,-.01,-.28,-.69,-.47,-.03,1.41) * f0_1 +
    mat4(-.03,-.88,.00,.61,-.02,.25,-.15,.55,.03,.03,.02,.62,-.09,-.43,-.05,.91) * f0_2 +
    mat4(.29,.19,-.00,.22,.13,.40,.02,.50,-.41,.18,-.06,.17,.74,-.09,-.05,.56) * f0_3 +
    mat4(.39,.46,.06,1.26,.09,.49,-.06,.27,-.70,-.17,-.12,.16,.50,-.97,-.09,.83) * f0_4 +
    mat4(-.21,-.09,.09,.43,.41,.03,-.07,.89,.18,.37,.08,.59,.54,-.51,-.15,.34) * f0_5 +
    mat4(.75,.01,-.01,.21,.50,.11,.06,.42,-.11,-.09,-.12,-.08,.60,.53,-.03,-.25) * f0_6 +
    mat4(.32,.14,-.06,.15,.06,.21,.04,.34,-.16,-.18,-.13,-.13,-.33,-.40,.01,.25) * f0_7 +
    mat4(.15,.13,-.06,-.03,-.18,-.05,-.11,.29,-.05,.66,-.09,-.03,.16,-.34,-.12,-.31) * f0_8 +
    mat4(.11,.17,.00,-.52,-.58,-1.08,.06,.65,-.15,.18,-.16,-.12,.75,.45,-.03,.33) * f0_9 +
    mat4(.21,.36,-.11,.18,-.08,-.04,-.08,-.13,-.42,-.01,.02,-.32,-1.46,.04,.04,.47) * f0_10 +
    mat4(.26,-.11,.06,.88,.06,.35,-.03,-.06,-.30,-.14,-.14,-.36,.07,-.26,-.16,-.28) * f0_11 +
    mat4(.03,-.90,.08,.35,-.30,.24,.01,-.18,.59,.77,-.01,.92,-.37,.17,-.06,-.02) * f0_12 +
    mat4(.54,-.55,.06,-.05,.43,-.35,-.00,-.06,.86,.81,-.11,-.06,-.47,.15,-.13,.55) * f0_13 +
    mat4(.48,.42,.05,.08,-.57,.03,-.13,.44,-.58,-.30,.05,1.10,-.51,-.02,.04,.53) * f0_14 +
    mat4(-.06,.39,.03,1.16,.00,-.00,.03,.33,.38,-.10,-.09,-.29,-.30,-.55,.06,-.14) * f0_15 + vec4(-.25,-.13,-.09,-.63));
    vec4 f1_6 = relu(
    mat4(.81,-.19,.51,.23,-.90,.01,-.22,-.25,.31,-.20,.20,.15,.57,.01,-.05,-.79) * f0_0 +
    mat4(-.92,-.16,.41,-.11,-.43,-.26,-.43,.09,-.42,-.15,-.14,.15,.23,.06,-.79,.12) * f0_1 +
    mat4(-.85,-.04,.17,.05,.80,.05,.66,-.19,.37,.10,-.38,-.27,.69,-.14,.32,-.19) * f0_2 +
    mat4(.05,-.11,.25,.22,.40,-.13,.02,.30,.40,-.14,.10,-.51,-.22,-.03,.15,.29) * f0_3 +
    mat4(1.01,-.14,.23,.41,.65,-.08,-.10,-.11,.52,-.08,.07,-.37,.33,-.19,-.93,.04) * f0_4 +
    mat4(.51,.01,.18,-.38,1.18,-.11,.81,-.14,.06,-.13,.38,.12,.03,-.05,-.20,.13) * f0_5 +
    mat4(.61,-.10,.92,-.30,.29,-.12,.23,.10,.06,.01,.05,.10,.59,.07,.71,.45) * f0_6 +
    mat4(.10,-.14,-.01,.47,-.12,-.08,-.02,.09,.03,-.16,-.62,-.37,-.06,-.06,-.04,.35) * f0_7 +
    mat4(-.20,-.31,.26,.35,.27,.01,.22,.05,.41,-.07,.19,-.00,.14,-.15,.01,.17) * f0_8 +
    mat4(.03,.02,.45,-.21,.60,-.03,.23,-.16,-.25,-.04,.28,-.24,.63,-.00,.67,.07) * f0_9 +
    mat4(.11,.06,-.09,.08,.32,-.09,.12,-.23,.28,-.14,-.02,.41,.49,.06,.82,.09) * f0_10 +
    mat4(-.13,-.06,.23,.07,.29,.11,.33,.10,-.29,-.11,.01,-.10,.00,-.22,-.58,.04) * f0_11 +
    mat4(-.74,-.15,-.58,.13,-.52,-.13,-.13,.13,.82,-.17,-.11,.65,-.02,-.17,-.22,-.02) * f0_12 +
    mat4(-.05,-.12,.16,.37,.03,-.09,.10,-.36,.35,.01,-.00,-.29,.44,-.15,-.96,.05) * f0_13 +
    mat4(-.31,-.13,-.24,.05,.78,.04,.12,.21,.94,-.02,.25,.20,.28,.05,-.18,-.15) * f0_14 +
    mat4(1.15,-.01,.38,.16,.55,.07,.53,.02,-.12,.01,.02,.29,-.28,-.16,.09,.18) * f0_15 + vec4(-.50,-.10,-.11,-.46));
    vec4 f1_7 = relu(
    mat4(-1.19,-.23,-.15,-.54,-.10,-.22,-.12,.02,.23,.12,-.07,-.32,.53,-.27,.01,.44) * f0_0 +
    mat4(-.30,-1.13,.04,-.49,-.59,-.02,-.16,-.30,-.17,-.61,-.01,-.19,-.10,-.13,-.10,.48) * f0_1 +
    mat4(-.79,-.70,.02,-.07,.39,-.74,.04,.43,-.27,.05,.05,-.43,.40,-.22,.02,.56) * f0_2 +
    mat4(.56,-.33,-.11,.50,-.34,.49,-.16,-.16,.55,-1.09,-.01,.50,-.61,-.93,-.02,.06) * f0_3 +
    mat4(1.00,.45,-.05,.77,-.45,-.54,-.05,.61,.27,-.34,-.09,.18,.41,.45,.07,.17) * f0_4 +
    mat4(.03,-.51,-.11,.05,.78,.35,-.10,.35,.24,.21,-.04,-.20,-.09,-.49,-.08,.25) * f0_5 +
    mat4(.02,-.89,.01,-.01,-.01,-.01,.04,-.14,-.26,.02,.00,-.16,.56,-.24,-.06,.22) * f0_6 +
    mat4(-.18,.16,-.02,-.23,.58,-.97,-.04,-.01,.46,-.04,-.06,.39,-.30,.15,-.07,-.34) * f0_7 +
    mat4(.07,.49,-.02,.16,.19,1.07,-.03,-.08,.39,-.65,.01,.20,-.04,.41,-.15,.04) * f0_8 +
    mat4(-.35,-.22,-.12,.10,.39,-.11,-.01,.20,-.52,-.46,.04,.21,.30,.39,-.01,.29) * f0_9 +
    mat4(.10,-.16,-.13,.30,-.45,.04,-.15,.23,-.87,.27,-.16,.14,.24,-.08,-.02,.00) * f0_10 +
    mat4(-.51,.20,-.04,.32,.43,.34,-.05,.15,-.28,.36,.02,-.07,.34,-1.16,.01,.11) * f0_11 +
    mat4(.20,.28,-.01,-.02,-.23,.48,-.14,-.33,-.29,-.42,-.00,-.12,-.02,.09,-.00,-.22) * f0_12 +
    mat4(-.80,-.25,-.06,-.31,.01,-.48,-.03,.30,-.28,-.74,-.10,.12,.57,-.58,.02,-.01) * f0_13 +
    mat4(-.60,-.47,-.12,.38,.33,-.37,-.01,-.09,1.14,-.28,-.13,.70,.37,.27,-.13,-.06) * f0_14 +
    mat4(.44,-.01,-.15,.56,.17,.24,.03,.82,-.12,.08,-.08,.02,.09,.28,-.10,-.22) * f0_15 + vec4(-.55,.22,-.04,-.28));
    vec4 f1_8 = relu(
    mat4(.03,.59,-.83,.06,-.03,.11,-.19,-.03,-.02,.10,-.17,-.00,-.17,-.26,.85,.05) * f0_0 +
    mat4(.01,.05,.44,-.06,-.17,.09,.20,-.14,-.12,.34,-.04,-.09,-.09,.17,.03,.05) * f0_1 +
    mat4(.01,.24,.40,-.04,-.17,.44,.68,-.04,.03,.50,.57,-.06,-.09,-.03,.60,.00) * f0_2 +
    mat4(-.13,.02,-.51,.03,-.01,.05,.70,-.15,-.16,-.33,.36,-.14,-.05,-.64,-.57,-.04) * f0_3 +
    mat4(-.06,.16,.70,-.04,.05,.51,-.02,.06,-.16,-.08,.32,-.13,-.08,.52,-.20,.07) * f0_4 +
    mat4(-.16,.04,.84,-.17,.06,-.04,.15,-.13,-.14,-.50,.32,.01,-.14,.13,.85,.00) * f0_5 +
    mat4(-.15,-.50,.65,-.15,.06,.19,-.20,-.04,-.00,.02,-.20,-.06,.06,.91,.44,-.17) * f0_6 +
    mat4(-.08,.09,-.60,-.01,.04,-.64,.27,-.11,.06,-.03,.62,-.05,-.09,.04,.25,-.12) * f0_7 +
    mat4(.02,.07,-.46,-.08,-.02,-.16,-.39,-.04,-.10,.03,-.15,-.01,-.16,-.10,-1.06,-.09) * f0_8 +
    mat4(-.18,-.39,.06,-.01,.02,.38,1.07,.07,-.17,-.19,.33,.03,-.11,-.02,.12,-.17) * f0_9 +
    mat4(-.17,-.11,-.97,-.16,-.05,-.33,.05,-.03,-.10,.42,.05,-.12,.03,-.64,.55,-.16) * f0_10 +
    mat4(.01,.35,-.10,-.09,-.00,-.17,-1.17,-.13,-.03,-.11,-.28,-.13,-.16,.49,.31,.06) * f0_11 +
    mat4(-.08,.53,-.68,.05,-.14,-.15,-.34,.02,-.12,-.24,.95,-.07,-.14,-.11,.02,.05) * f0_12 +
    mat4(.03,.26,.49,-.17,-.17,-.69,.10,-.15,-.08,-.28,.91,.06,-.06,.35,.24,-.15) * f0_13 +
    mat4(-.08,-.41,.22,.03,-.01,.51,.15,-.09,.06,.53,.60,-.02,-.10,.12,.52,-.18) * f0_14 +
    mat4(-.08,-.28,.65,.01,-.08,-.17,.21,.03,.04,.35,-.21,-.06,-.09,-.16,-.85,-.04) * f0_15 + vec4(.05,-.25,.33,.01));
    vec4 f1_9 = relu(
    mat4(-.07,.09,-.01,-1.65,.15,-.15,.01,-.12,.64,.48,-.17,.11,-.22,-1.28,-.08,-1.53) * f0_0 +
    mat4(-.59,-.29,.03,-.35,.34,.10,-.08,.27,-.58,-.14,-.13,-.28,-.64,-.22,-.13,-.29) * f0_1 +
    mat4(.09,-.56,-.02,-.22,-.22,-.88,-.03,.42,-.25,-.53,.04,.17,-.62,-.90,-.13,1.09) * f0_2 +
    mat4(-.12,-.27,.02,.15,.46,.18,-.06,.06,1.20,.18,-.02,-.39,-.45,-.52,-.15,.11) * f0_3 +
    mat4(-.14,-.83,-.11,.85,-.24,-.11,.06,-.03,1.30,.28,.03,.11,.54,.57,.07,.47) * f0_4 +
    mat4(-.40,-.79,-.06,-.55,-.73,-1.18,-.11,-.06,-.34,-.83,.06,-.11,-.62,-.52,.05,-.71) * f0_5 +
    mat4(-.05,-1.15,.06,-1.02,1.19,1.26,.07,.35,.43,.49,-.12,.33,-1.20,-1.10,-.12,.12) * f0_6 +
    mat4(1.18,1.59,-.13,.19,-.06,-.56,-.18,-.42,-.35,-.73,.02,-.21,.10,.20,-.17,-.22) * f0_7 +
    mat4(.37,.94,-.14,.35,.31,-.06,-.14,-1.13,.86,.42,-.12,-1.38,.28,1.06,-.09,-.33) * f0_8 +
    mat4(-.66,-.43,-.02,.04,-.34,-1.20,-.01,.56,-.32,-.42,-.04,-.09,-.64,-1.01,-.03,-1.01) * f0_9 +
    mat4(.94,1.49,-.11,-.29,-.07,.03,-.06,-.52,-.54,.18,-.04,.08,-.65,-1.44,-.02,-.57) * f0_10 +
    mat4(-.63,-.58,.03,-.21,.79,.76,.05,-.28,.39,.25,-.10,.35,-.75,-1.21,.04,-.66) * f0_11 +
    mat4(.29,.58,.07,-.13,-1.06,-.92,.05,-.31,-.56,-1.58,-.12,.71,.80,.13,-.06,-1.10) * f0_12 +
    mat4(-.05,-.38,-.12,-.05,.44,-.12,-.04,-.40,-.21,-1.01,-.14,.27,-.25,-.60,.03,-.31) * f0_13 +
    mat4(-.02,.11,-.17,-.12,-.75,-.86,.01,.38,-.37,-.47,-.05,.31,.04,-.69,.04,.03) * f0_14 +
    mat4(-.10,-1.40,-.01,-1.13,-.22,-.42,-.14,-.10,-.35,.08,-.08,.08,.25,.85,.05,.22) * f0_15 + vec4(.52,-.23,-.15,-.16));
    vec4 f1_10 = relu(
    mat4(.93,-.20,.44,-.15,.26,.68,.42,-.07,.01,-.38,-.29,.03,.25,-.18,.06,-.27) * f0_0 +
    mat4(.27,.17,.49,-.02,-.24,.20,-.47,-.22,.05,-.00,-.08,-.33,.52,1.19,-.05,-.14) * f0_1 +
    mat4(-.24,.03,-.47,-.09,.57,.89,.08,.03,.10,-.06,.26,-.18,.75,.33,.46,-.16) * f0_2 +
    mat4(.73,-3.51,.16,.08,-.31,-.77,-.12,-.14,.14,-2.17,.49,-.08,.58,-.03,-.10,-.11) * f0_3 +
    mat4(.47,-.10,.56,.04,.69,-.06,.18,-.23,.55,-.11,.30,-.00,-.03,.49,.18,-.01) * f0_4 +
    mat4(.02,.11,.45,-.12,.67,-1.63,.43,.01,.01,-1.18,-.35,.02,.20,-.46,-.02,-.36) * f0_5 +
    mat4(.39,-.27,.11,-.13,-1.15,.01,.03,-.16,-.06,.19,-.26,-.30,-1.41,-.19,1.21,-.14) * f0_6 +
    mat4(-.91,.19,-.26,-.03,.31,.07,.25,.01,-.86,.06,.28,-.09,-1.16,-2.01,.11,-.10) * f0_7 +
    mat4(-.23,.22,-.07,-.22,-.02,-.77,.16,-.05,.00,-1.51,.31,-.15,-.42,-.51,-.32,-.05) * f0_8 +
    mat4(.30,-.16,.21,-.15,.07,.44,.60,-.07,-.69,.25,.01,-.05,.74,.01,.81,-.03) * f0_9 +
    mat4(-.53,-.37,-.49,.01,-.19,-.78,-.42,.15,.16,.32,.41,-.02,.69,-.41,.36,.03) * f0_10 +
    mat4(.32,-.35,-.14,-.06,.04,-.19,.42,-.05,.00,.62,-.33,-.27,.15,.38,.09,.18) * f0_11 +
    mat4(-.21,-.39,-.26,-.00,-.27,-.71,.53,.14,.98,-.63,.10,-.05,-.11,-.33,-.02,-.23) * f0_12 +
    mat4(.57,.72,.34,-.04,.18,-.49,-.23,-.05,.03,-.78,-.11,-.13,.67,.07,.51,-.05) * f0_13 +
    mat4(-.59,.29,.04,-.09,.45,.24,.16,-.14,.81,.13,1.16,-.09,.44,.28,.10,.03) * f0_14 +
    mat4(1.12,-.23,.01,-.14,.51,-.13,-.25,-.15,.01,-.42,-.22,-.11,-1.42,-.29,.14,-.16) * f0_15 + vec4(-.31,.02,-.36,-.05));
    vec4 f1_11 = relu(
    mat4(.27,-.14,-.07,-1.42,-.15,.02,-.01,-1.03,-.10,-.01,-.17,.03,-.64,-.06,-.06,.05) * f0_0 +
    mat4(-.05,-.02,-.01,-.09,-.10,-.13,-.11,-.49,.38,-.04,-.18,-3.42,.19,-.07,.06,-.57) * f0_1 +
    mat4(-.06,-.07,-.01,.15,.53,-.01,-.16,-.23,.29,-.08,.03,1.26,-.02,-.01,-.16,.00) * f0_2 +
    mat4(.70,-.06,-.03,.11,-.16,.01,-.06,.23,.04,-.01,-.05,-.18,.66,-.04,-.02,.25) * f0_3 +
    mat4(.08,.01,.01,-.19,.27,-.16,.05,.02,-.04,-.02,-.05,-.07,-.05,-.03,.05,.02) * f0_4 +
    mat4(-.10,-.06,-.06,-.28,.22,-.01,.02,.03,-.21,-.14,-.12,-.51,-.06,-.02,-.01,.70) * f0_5 +
    mat4(-.50,.05,-.08,-1.34,.11,-.10,.02,.01,.34,-.18,-.03,.01,.51,-.01,-.03,-.15) * f0_6 +
    mat4(.28,-.10,.00,-.11,.28,.01,-.11,.51,.26,.02,-.17,-.08,.39,-.16,-.05,-.27) * f0_7 +
    mat4(.27,-.20,-.00,-.49,.23,-.15,-.01,.25,.04,.02,-.15,-.33,.16,-.08,.06,-.10) * f0_8 +
    mat4(.10,.03,.04,.31,.12,-.06,.00,.05,-.07,-.11,-.05,.01,-.03,-.01,-.07,-.60) * f0_9 +
    mat4(.22,.05,-.02,-.22,-.29,.03,-.18,-1.72,.03,-.04,-.01,.33,.04,-.18,-.03,.53) * f0_10 +
    mat4(-.26,-.08,-.07,-1.77,.02,.07,-.11,.04,-.06,-.15,-.06,-.15,-.01,.01,-.01,.73) * f0_11 +
    mat4(.35,.03,-.16,-.01,.07,-.17,.04,-.07,.42,-.09,-.14,-.93,.06,-.01,-.13,-1.13) * f0_12 +
    mat4(.49,-.03,.04,-.55,-.47,-.19,-.03,.44,-.05,-.03,-.12,-.91,-.14,-.03,-.15,.05) * f0_13 +
    mat4(.35,-.10,-.01,-.09,.15,-.13,-.17,.44,.11,-.08,.00,-.27,.02,.04,-.03,-.96) * f0_14 +
    mat4(-.01,-.04,-.13,-.03,.33,-.10,.06,-.15,.24,-.09,-.07,.04,.12,-.13,.04,.12) * f0_15 + vec4(-.44,-.10,.05,-.28));
    vec4 f1_12 = relu(
    mat4(.53,-1.04,.00,-.00,.43,.32,.02,-.20,-.09,-.50,.03,-.39,-.25,-.20,-.01,.59) * f0_0 +
    mat4(.76,-.82,-.13,.42,.05,-.41,-.10,-.44,-.06,-.80,-.02,-.10,.80,-.11,-.04,.31) * f0_1 +
    mat4(-.04,-.38,-.06,.01,.39,-.26,-.13,.73,.01,-.30,-.08,.39,.82,.39,-.17,.96) * f0_2 +
    mat4(.21,.42,-.04,.54,.19,-.54,-.15,.44,-.39,-.26,.05,.25,.26,-.42,.06,.21) * f0_3 +
    mat4(.56,.43,-.13,1.25,-.56,.20,-.18,.44,.13,.15,-.01,.63,.29,-.30,.03,-.00) * f0_4 +
    mat4(.23,-.49,-.06,.52,.43,-.06,.00,1.22,-.27,-.46,-.10,.25,-.72,-.08,.06,.02) * f0_5 +
    mat4(.17,.06,.04,.61,.75,.06,-.08,.48,-.17,-.33,-.17,-.04,.02,-.06,-.17,.60) * f0_6 +
    mat4(.03,.23,.05,.09,-.53,-.12,.04,.33,-.04,-.27,-.19,-.04,-.23,.39,-.11,.24) * f0_7 +
    mat4(.43,.50,-.08,-.21,.34,.30,-.01,.35,-.09,-.20,-.01,.09,.18,.03,.01,-.06) * f0_8 +
    mat4(-.38,-.12,-.04,-.27,.14,.51,-.11,.83,-.26,-.20,-.06,-.08,-.62,-.17,-.09,.48) * f0_9 +
    mat4(.03,.30,.05,.04,-.00,-.57,.02,-.30,-.07,-.07,-.18,-.21,-.49,.36,-.09,.51) * f0_10 +
    mat4(.12,.47,-.06,.06,-.35,-.06,-.10,.07,-.14,.01,-.15,-.45,-.03,-1.15,-.05,.29) * f0_11 +
    mat4(.12,-.21,-.10,.00,.44,.47,-.03,.19,.27,.53,-.15,.63,-.11,.10,.01,.07) * f0_12 +
    mat4(-.59,-.05,.01,.42,-.18,.10,-.01,-.00,-.04,-.09,-.13,.32,-.25,.07,-.15,.56) * f0_13 +
    mat4(-.27,.27,.06,.41,.86,.03,.06,.97,.28,.41,.03,1.23,.11,.51,-.04,-.12) * f0_14 +
    mat4(.25,.14,.03,1.04,.06,.01,-.04,.61,-.01,-.31,-.10,-.28,-.25,-.17,-.08,.09) * f0_15 + vec4(-.17,-.18,.02,-.62));
    vec4 f1_13 = relu(
    mat4(.58,-1.31,.20,-.52,.14,.51,.32,-.68,-.14,.13,.03,.20,.19,-.94,-.29,.23) * f0_0 +
    mat4(-.09,.59,-.06,.27,-.44,-.24,.04,.26,-.30,-.01,.40,-1.08,-.89,-.81,-.28,.49) * f0_1 +
    mat4(.13,.34,.16,-.21,.49,1.66,.40,.51,.14,.23,.02,-.07,1.03,.76,.18,-.09) * f0_2 +
    mat4(.30,-1.08,-.12,-.18,.17,-1.17,-.17,.47,.17,-.01,-.08,.64,.87,.42,.68,-.16) * f0_3 +
    mat4(.52,-.79,-.62,-.16,.03,-1.17,-.03,.44,.32,-.31,-.32,.15,-.05,-1.46,.12,.40) * f0_4 +
    mat4(.34,-.11,.24,.23,.86,.21,.44,.02,-.57,-.06,-.41,-.31,.12,.31,-.49,-.83) * f0_5 +
    mat4(.75,-.08,-.01,-.45,.26,.47,-.00,-.10,-.14,-.05,.17,-3.07,.56,-.38,-.36,-.68) * f0_6 +
    mat4(.03,.57,.02,.05,.38,-1.03,.11,.06,-.27,.29,.51,-.63,-.43,-.77,.16,-.14) * f0_7 +
    mat4(-.03,-.42,-.15,.26,-.43,-1.40,.12,-.23,.35,-.89,.04,-.73,-.08,-1.16,-.06,-.08) * f0_8 +
    mat4(.16,1.02,-.10,-2.46,.49,.81,-.10,-.15,-.27,.65,-.25,-1.14,.22,-.59,.24,-1.52) * f0_9 +
    mat4(.14,-.46,-.27,-.41,.23,.14,-.11,-1.31,-.05,-1.43,.48,.17,.35,.59,.38,-.74) * f0_10 +
    mat4(.37,.29,.33,.31,.43,.07,-.20,-1.34,-.07,-.16,-.18,-.34,.12,-.09,-.12,-.04) * f0_11 +
    mat4(-.03,-.13,-.14,-.25,-.38,.92,-.05,-.13,1.16,-.75,.14,-2.03,-.22,-.31,-.31,-1.73) * f0_12 +
    mat4(-.59,-.36,.01,-.38,.13,-.36,-.41,-.71,.34,.59,.56,-.15,.39,-.36,-.32,-.37) * f0_13 +
    mat4(-.06,-.20,.06,-.52,.75,-.49,.65,-.77,.66,-.62,.62,-.40,.19,.08,.23,.76) * f0_14 +
    mat4(.56,.28,.16,-.11,.26,-.53,.10,-.01,-.23,-.77,.24,-.02,-.28,.04,-.14,-.54) * f0_15 + vec4(-.07,-.17,-.18,-.13));
    vec4 f1_14 = relu(
    mat4(.07,.03,-.05,.16,.02,.22,.58,.01,-.04,.07,-.37,.03,.07,-.87,-.10,-.16) * f0_0 +
    mat4(-.09,-.72,.61,-.09,-.02,-.06,-.40,-.17,-.13,-.82,.00,-.11,-.14,-.51,-.49,-.14) * f0_1 +
    mat4(-.12,-.59,.06,-.02,-.07,-.47,.32,-.13,-.04,.10,.66,-.10,-.01,-.57,.61,-.02) * f0_2 +
    mat4(.00,-.45,.08,-.01,-.15,.33,.36,-.01,-.12,.03,.48,-.16,-.08,.14,.00,-.17) * f0_3 +
    mat4(.03,.22,.84,.02,-.17,-.53,.10,-.08,.01,.36,.10,.05,.06,.83,-.08,-.13) * f0_4 +
    mat4(.04,-.01,.44,-.15,.01,-.42,.25,.07,-.09,-.57,.25,-.16,.03,-.82,-.71,-.02) * f0_5 +
    mat4(.04,-.51,.14,-.07,.06,.52,.20,-.13,-.07,.36,-.32,-.00,-.08,-.19,-.13,-.05) * f0_6 +
    mat4(.01,.62,.02,-.03,-.06,-.98,.25,-.14,-.11,-.61,-.01,.01,-.12,-.20,.32,-.07) * f0_7 +
    mat4(.02,.76,-.34,-.13,-.12,-.34,-.05,.03,-.02,.26,.15,-.08,.02,-.04,.22,-.07) * f0_8 +
    mat4(.04,-.48,.26,-.03,.02,-.32,-.16,-.15,-.04,-.13,-.37,.05,-.01,-.20,.68,.06) * f0_9 +
    mat4(-.02,.57,-.03,-.10,.06,-.59,-.18,.02,-.03,.14,-.22,-.12,.04,-.26,.55,.03) * f0_10 +
    mat4(.04,-.74,.03,-.05,.05,-.04,.32,.05,-.17,.14,-.55,-.03,-.17,-.30,-.18,-.08) * f0_11 +
    mat4(.05,.39,.22,-.10,-.04,-1.43,.84,-.07,-.10,-.20,.38,.05,-.07,.29,.18,-.11) * f0_12 +
    mat4(-.15,.19,.69,-.07,-.08,-.01,-.00,-.12,.06,-.60,.13,-.12,-.06,-.89,.40,-.04) * f0_13 +
    mat4(.05,.18,.16,.02,-.16,-.80,-.14,.05,-.07,.19,.40,-.13,-.14,-.59,.33,-.14) * f0_14 +
    mat4(-.13,-.81,.25,-.10,.02,-.79,-.25,-.05,.06,-.92,-.17,.01,-.16,.26,-.01,-.16) * f0_15 + vec4(-.13,-.21,-.31,-.04));
    vec4 f1_15 = relu(
    mat4(.69,-.04,-.19,-.83,.01,-.14,-.12,-.21,-.25,.02,.54,.76,.40,.03,-.60,-1.67) * f0_0 +
    mat4(-.09,-.01,-.37,-1.85,-.32,-.17,.17,-.05,-.25,-.09,-.20,-.72,.40,-.07,-.23,-.13) * f0_1 +
    mat4(-.76,-.02,-.48,-1.20,.77,.05,-.35,.33,.25,.05,-.39,-.21,.93,-.00,-.96,-.30) * f0_2 +
    mat4(.30,-.03,-.48,.64,.06,-.02,-.14,.65,.29,.00,.45,-.95,1.13,-.08,-.55,-1.28) * f0_3 +
    mat4(1.06,-.15,-.36,1.54,.37,-.03,-.40,-1.14,.51,-.03,.49,-.21,-.26,-.08,.56,1.81) * f0_4 +
    mat4(.51,-.15,-1.25,-1.14,1.26,-.06,-.62,.14,-.49,-.04,-.92,-.30,-.03,-.07,-.39,-1.58) * f0_5 +
    mat4(.80,-.08,-.52,-2.13,.40,-.16,1.53,1.93,-.20,-.11,.23,.60,.51,-.05,-.98,-.47) * f0_6 +
    mat4(-.01,.03,1.25,2.49,.21,.05,.02,-2.06,-.40,.00,-.74,-1.56,-.14,-.03,.37,.49) * f0_7 +
    mat4(.33,-.10,.73,1.48,-.32,-.16,.37,.09,.50,-.00,.59,-.06,-.05,-.18,.36,.60) * f0_8 +
    mat4(.03,-.13,-.36,-1.14,.53,-.07,-.58,-.73,-.11,.03,-.62,-.26,.32,-.15,-.95,.39) * f0_9 +
    mat4(.06,.03,.77,.87,.21,-.13,.22,-.51,-.03,.02,-.62,-.13,.64,.06,-1.20,-.99) * f0_10 +
    mat4(.26,-.16,-.82,-1.35,.28,-.08,1.12,1.54,-.10,.00,.03,.48,-.62,-.12,-.62,-.88) * f0_11 +
    mat4(-.75,-.07,.30,.97,.30,.01,-1.13,-1.45,.91,.03,-1.50,-2.01,-.14,-.15,.20,.11) * f0_12 +
    mat4(.22,-.03,-.49,.14,.14,-.10,.11,-.12,.26,-.08,-.54,-1.27,.24,-.11,-.37,-1.15) * f0_13 +
    mat4(-.04,.01,.17,.21,.58,.00,-.61,-1.50,.52,-.03,-.69,.14,.30,.02,-.77,-.88) * f0_14 +
    mat4(.98,-.01,-.55,1.28,.36,-.01,.21,-.26,-.28,-.03,.22,-.09,-.37,-.09,.56,.59) * f0_15 + vec4(-.43,-.10,-.10,.05));
    
    float out0 = dot(f1_0, vec4(.08,-.22,.17,-.02)) + dot(f1_1, vec4(-.04,-.16,.01,-.03)) + dot(f1_2, vec4(-.01,.02,-.06,.19)) + dot(f1_3, vec4(.04,-.25,.04,-.33)) + dot(f1_4, vec4(.19,.79,.06,.11)) + dot(f1_5, vec4(.24,-.23,-.12,-.33)) + dot(f1_6, vec4(-.41,.06,.09,-.03)) + dot(f1_7, vec4(-.31,.08,.05,.06)) + dot(f1_8, vec4(.06,-.11,.19,.06)) + dot(f1_9, vec4(.12,-.04,.01,-.21)) + dot(f1_10, vec4(-.15,.06,-.73,.18)) + dot(f1_11, vec4(-.17,.01,.02,-.51)) + dot(f1_12, vec4(-.04,-.39,.03,-.61)) + dot(f1_13, vec4(.11,-.37,-.18,-.67)) + dot(f1_14, vec4(.07,-.05,-.19,.05)) + dot(f1_15, vec4(-.25,.06,-.07,-.02)) + .32;
    float out1 = dot(f1_0, vec4(-.03,-.14,.10,-.01)) + dot(f1_1, vec4(.03,-.52,-.06,.04)) + dot(f1_2, vec4(.04,.02,-.01,-.11)) + dot(f1_3, vec4(-.14,-.25,-.09,-.19)) + dot(f1_4, vec4(.11,.69,-.06,-.32)) + dot(f1_5, vec4(-.16,-.17,-.02,-.35)) + dot(f1_6, vec4(-.33,-.04,.05,-.07)) + dot(f1_7, vec4(-.11,-.07,-.07,.14)) + dot(f1_8, vec4(.02,-.12,.21,.01)) + dot(f1_9, vec4(.08,-.05,.02,.03)) + dot(f1_10, vec4(.12,-.24,-.55,-.09)) + dot(f1_11, vec4(-.11,.02,.04,-.43)) + dot(f1_12, vec4(.04,-.17,-.04,-.49)) + dot(f1_13, vec4(-.21,-.17,-.02,-.76)) + dot(f1_14, vec4(.05,.09,-.28,.04)) + dot(f1_15, vec4(-.17,.03,-.02,.01)) + .17;
    float out2 = dot(f1_0, vec4(-.07,-.05,.00,-.01)) + dot(f1_1, vec4(-.03,-.42,-.09,-.11)) + dot(f1_2, vec4(-.02,-.13,-.37,-.30)) + dot(f1_3, vec4(-.19,-.16,-.03,-.16)) + dot(f1_4, vec4(.09,.29,.07,-.26)) + dot(f1_5, vec4(-.51,-.06,-.01,-.32)) + dot(f1_6, vec4(-.16,-.03,-.38,-.17)) + dot(f1_7, vec4(-.73,-.10,.02,-.24)) + dot(f1_8, vec4(-.04,-.10,.22,.04)) + dot(f1_9, vec4(.01,-.07,.06,-.13)) + dot(f1_10, vec4(.28,-.57,-.30,.03)) + dot(f1_11, vec4(-.02,-.10,-.05,-.52)) + dot(f1_12, vec4(.10,.11,.02,-.50)) + dot(f1_13, vec4(.06,.17,.16,-.79)) + dot(f1_14, vec4(-.07,.20,-.36,-.14)) + dot(f1_15, vec4(-.18,-.03,.05,.00)) + -.10;
    float out3 = dot(f1_0, vec4(1.33,.34,1.26,4.51)) + dot(f1_1, vec4(-.07,.47,1.67,-.07)) + dot(f1_2, vec4(.07,-.05,.02,-.04)) + dot(f1_3, vec4(.00,.77,.04,-.63)) + dot(f1_4, vec4(-1.02,-.44,-.05,-1.39)) + dot(f1_5, vec4(-.08,.08,.01,-.35)) + dot(f1_6, vec4(-.40,-.04,-.02,.08)) + dot(f1_7, vec4(.58,1.64,-.06,-.09)) + dot(f1_8, vec4(-.03,-.28,-.60,.11)) + dot(f1_9, vec4(1.69,2.76,.11,1.17)) + dot(f1_10, vec4(-.63,.00,.05,-.16)) + dot(f1_11, vec4(.45,.06,-.09,.13)) + dot(f1_12, vec4(.88,-.06,.00,.31)) + dot(f1_13, vec4(-.33,.13,-.24,-.65)) + dot(f1_14, vec4(-.06,2.01,.13,-.13)) + dot(f1_15, vec4(-.47,-.00,1.83,5.24)) + .26;
    return vec4(out0, out1, out2, out3);
}