vec4 queryNetwork(vec3 p){
    vec4 PE_0 = vec4(p.x,p.y,p.z,sin(1.00*p.x));
    vec4 PE_1 = vec4(sin(1.00*p.y),sin(1.00*p.z),cos(1.00*p.x),cos(1.00*p.y));
    vec4 PE_2 = vec4(cos(1.00*p.z),sin(2.00*p.x),sin(2.00*p.y),sin(2.00*p.z));
    vec4 PE_3 = vec4(cos(2.00*p.x),cos(2.00*p.y),cos(2.00*p.z),sin(4.00*p.x));
    vec4 PE_4 = vec4(sin(4.00*p.y),sin(4.00*p.z),cos(4.00*p.x),cos(4.00*p.y));
    vec4 PE_5 = vec4(cos(4.00*p.z),sin(8.00*p.x),sin(8.00*p.y),sin(8.00*p.z));
    vec4 PE_6 = vec4(cos(8.00*p.x),cos(8.00*p.y),cos(8.00*p.z),sin(16.00*p.x));
    vec4 PE_7 = vec4(sin(16.00*p.y),sin(16.00*p.z),cos(16.00*p.x),cos(16.00*p.y));
    vec4 PE_8 = vec4(cos(16.00*p.z),sin(32.00*p.x),sin(32.00*p.y),sin(32.00*p.z));
    vec4 PE_9 = vec4(cos(32.00*p.x),cos(32.00*p.y),cos(32.00*p.z),0.0);
    
    vec4 f0_0 = relu(
    mat4(-.06,-.01,.07,-.06,.58,.15,.00,-.15,-.83,-.43,.50,.48,-.21,.11,.10,-.21) * PE_0 +
    mat4(.23,.24,.15,-.01,-.60,-.29,.53,.48,-.30,-.09,-.41,.03,-.24,.06,-.47,.03) * PE_1 +
    mat4(-.29,-.09,-.34,.07,-.36,.23,.04,-.33,.02,.13,.01,.02,-.27,-.25,.57,.53) * PE_2 +
    mat4(-.49,-.27,-.24,.32,.06,-.07,-.27,.11,-.54,-.72,-.44,.28,-.49,-.14,-.11,-.54) * PE_3 +
    mat4(.69,-.00,.24,.28,.03,.24,.49,.17,.38,-.58,-.40,.59,1.27,-.01,.34,.03) * PE_4 +
    mat4(-.39,.25,.05,-.20,-.81,.19,.27,.23,.10,-.88,.36,.15,1.20,.19,.93,-1.07) * PE_5 +
    mat4(.75,-.11,-.72,.27,.18,-.26,.36,-.18,-.34,1.32,-.58,-.09,.76,.00,.11,-.50) * PE_6 +
    mat4(-.41,-.60,-.58,.27,-.03,-.58,.15,.91,.16,.14,-.67,-.01,-.30,.43,.05,.01) * PE_7 +
    mat4(.38,.30,-.32,-.00,.01,-.12,-.08,-.32,-.25,.79,-.03,.51,-.07,-.43,-1.06,.31) * PE_8 +
    mat4(.03,.15,-.11,-.29,-.10,-.17,-.16,-.06,.00,-.13,.25,.28,.00,.00,.00,.00) * PE_9 + vec4(-.41,-.19,-.25,-.29));
    vec4 f0_1 = relu(
    mat4(.48,.40,.69,-.67,.52,-.41,.05,-.29,-.19,.49,-.47,-.63,.47,.18,.58,-.41) * PE_0 +
    mat4(.24,-.21,.18,-.26,.01,.49,-.53,-.40,-.20,-.00,-.18,-.25,-.21,-.18,-.17,-.46) * PE_1 +
    mat4(.22,.02,-.00,-.12,.06,-.13,-.16,-.46,.14,-.11,-.19,-.07,.22,.44,-.47,-.40) * PE_2 +
    mat4(-.74,-.05,.17,-.56,-.65,-.37,-.15,-.67,.15,-.25,.18,-.08,.04,-.23,-1.04,-.56) * PE_3 +
    mat4(.01,.57,-1.15,.52,.39,-.82,.86,-.16,-1.31,.15,1.45,.47,-.55,.03,-.55,-.08) * PE_4 +
    mat4(.45,-.16,.47,.10,.11,-.07,.50,-.43,-.24,.52,.10,-.01,-.46,-.47,.45,-.35) * PE_5 +
    mat4(.30,.10,-.39,.75,.87,.02,.11,-.07,-.82,.98,.53,.38,-.18,.52,-.21,.32) * PE_6 +
    mat4(-.33,.26,-.17,.21,.42,.06,.09,-.05,.02,-.51,.04,-.30,-.44,.26,-.67,.32) * PE_7 +
    mat4(-.47,.38,.27,.02,.02,.00,.10,.25,.18,-.71,-.32,.34,-.02,-.53,.02,-.32) * PE_8 +
    mat4(-.09,-.20,.01,1.08,-.15,.04,-.08,-.21,.05,-.19,-.19,-.07,.00,.00,.00,.00) * PE_9 + vec4(.32,-.02,.05,-.03));
    vec4 f0_2 = relu(
    mat4(-.03,-.12,-.24,.15,.06,-.40,.19,-.19,.16,-.15,-.07,.72,.06,-.13,-.15,.05) * PE_0 +
    mat4(-.09,-.38,.10,-.21,.14,-.14,-.06,.67,.05,-.03,-.06,-.11,-.00,-.09,-.22,-.37) * PE_1 +
    mat4(.05,-.41,-.17,-.02,-.02,.13,-.45,.18,.20,-.53,.17,-.06,.33,-.21,-.02,.39) * PE_2 +
    mat4(.13,.13,.06,-.03,.14,-.05,-.16,-.50,.30,-.52,-.26,-.01,.12,.13,-.20,.18) * PE_3 +
    mat4(.27,-.80,.09,-.84,.08,.51,.22,-.30,.70,-.88,-.04,.19,-.46,.04,-.05,-.33) * PE_4 +
    mat4(-.18,-.61,.15,.74,.24,.01,.19,.46,.09,-1.02,-.04,1.07,.13,.79,.68,-.18) * PE_5 +
    mat4(.20,.40,-.28,-.83,-.32,.91,.20,.13,-.27,.38,-.57,1.45,-.32,.90,.41,-.27) * PE_6 +
    mat4(.29,-.13,-.00,-.23,-.67,.00,-.02,-.75,-.05,-1.32,-.47,.20,-.65,-.70,-.41,.99) * PE_7 +
    mat4(.30,.32,.96,-.58,.40,-.18,-.29,-.03,.30,-.14,-.50,.28,-.38,-.34,-.04,.02) * PE_8 +
    mat4(-.20,.19,-.43,.04,.41,.44,-.05,.06,.45,.03,-1.07,.08,.00,.00,.00,.00) * PE_9 + vec4(-.22,-.16,-.19,-.21));
    vec4 f0_3 = relu(
    mat4(.16,-.56,.08,.07,.06,-.11,.37,.16,.09,.25,-.14,.14,-.09,-.42,.35,.13) * PE_0 +
    mat4(-.04,.12,.03,-.03,.11,.27,-.14,.18,-.21,-.15,-.38,-.13,-.01,.03,-.23,-.05) * PE_1 +
    mat4(-.02,-.45,-.39,-.33,-.02,-.38,.62,.06,.27,-.01,.02,.08,.10,.40,-.20,.28) * PE_2 +
    mat4(.13,-.34,-.14,-.21,.03,.07,-.24,.14,.30,-1.38,-1.42,-.39,-.04,-.41,.68,.18) * PE_3 +
    mat4(.36,.44,-.13,.33,.26,-.29,.26,.23,-.06,-.46,.33,-.51,.35,.60,.33,.71) * PE_4 +
    mat4(.03,-.36,-.49,-.19,.51,-1.02,.60,-.18,.00,.35,-.00,.01,.46,-.22,.32,.36) * PE_5 +
    mat4(-.30,.31,-.27,-.20,.14,-.70,-.22,-.01,.18,-.48,-.87,-.21,.09,.21,-1.09,.26) * PE_6 +
    mat4(.27,.68,.39,.08,.33,-.38,-.60,1.03,.22,.63,-.18,-.88,.18,-.01,.62,.38) * PE_7 +
    mat4(.23,.08,-.16,-.92,-.01,-.12,-.43,-.29,.54,-.14,-.32,-.16,.01,-.11,.06,.58) * PE_8 +
    mat4(-.46,.36,.32,.28,-.03,.16,.47,.01,.03,-.11,-.02,.13,.00,.00,.00,.00) * PE_9 + vec4(-.21,.11,-.19,-.25));
    vec4 f0_4 = relu(
    mat4(-.36,-.01,-.53,-.40,-.28,-.73,-.37,-.26,.72,.28,.80,-.70,-.26,.09,-.30,-.21) * PE_0 +
    mat4(-.39,-.54,-.27,.17,.71,.46,.59,-.50,-.03,.02,-.20,-.19,-.02,-.29,-.01,-.17) * PE_1 +
    mat4(-.39,-.34,-.06,-.16,-.01,-.03,.18,.27,-.48,-.82,-.15,.12,.57,.37,.47,-.47) * PE_2 +
    mat4(-.63,.06,-.76,-.48,.00,-.34,-.05,-.51,-1.40,-.10,-.80,-.40,.28,-.29,.33,.13) * PE_3 +
    mat4(-.69,-.40,.01,.35,-.79,.93,.31,-.09,-.91,.71,-.99,.45,.34,1.16,.35,-.31) * PE_4 +
    mat4(.04,-.71,-.26,.40,.14,.46,-.11,.16,-.02,.38,-.71,.07,.71,.28,.38,.76) * PE_5 +
    mat4(-.75,.23,.45,-.87,-.56,.10,-.59,.76,-.15,.38,.10,-.14,-.38,-.13,.41,.04) * PE_6 +
    mat4(.61,-.04,.47,-.63,-.65,.36,-.03,-.11,.81,.40,-.11,-.01,-.18,-.41,-.08,-.75) * PE_7 +
    mat4(-.51,.38,-.16,-.10,.15,-.68,.10,-.07,-.06,-.11,-.03,-.27,-.46,-.11,.19,.30) * PE_8 +
    mat4(-.12,-.28,-.13,.05,-.13,.38,-.23,.11,.23,-.17,.04,.25,.00,.00,.00,.00) * PE_9 + vec4(-.18,-.23,-.01,.12));
    vec4 f0_5 = relu(
    mat4(-.27,-.02,.45,.51,-1.03,.04,-.86,-.43,.61,.04,.66,-.75,.01,.18,.08,.24) * PE_0 +
    mat4(-.66,.23,-.92,-.57,.67,.07,.91,-.39,-.04,-.13,-.32,.03,-.22,-.04,.01,-.22) * PE_1 +
    mat4(.09,-.08,.02,-.44,-.14,-.13,-.06,-.05,-.30,.19,-.69,-.64,.81,.35,.89,.18) * PE_2 +
    mat4(.10,.06,-.77,.12,.01,-.09,-.48,-.15,-.44,-.08,.17,-.79,.10,-.13,-.13,-.40) * PE_3 +
    mat4(.19,.16,-.18,-.46,.55,.82,.75,.28,.95,1.24,-.71,1.35,.87,-.18,-.63,1.22) * PE_4 +
    mat4(-.29,-.51,.21,-1.14,.03,.04,-.13,.36,.52,-.61,-.49,-.79,.06,-.11,.37,.29) * PE_5 +
    mat4(-.28,-.18,.54,-.62,-1.03,-.47,-.40,.08,-.16,.93,.10,-.69,-.13,-.34,.19,.23) * PE_6 +
    mat4(.30,.61,.04,.07,.77,.46,-.05,-.10,.19,.67,-.22,-.07,.37,-.58,-.35,.27) * PE_7 +
    mat4(-.23,.10,.07,-.25,-.10,-.12,-.31,.32,.13,.19,-.07,.03,.09,.10,-.08,.13) * PE_8 +
    mat4(-.00,.19,.02,-.08,-.24,-.39,-.04,.05,.36,-.09,-.00,-.33,.00,.00,.00,.00) * PE_9 + vec4(-.03,-.19,-.11,-.14));
    vec4 f0_6 = relu(
    mat4(-.21,-.33,-.08,.25,.08,-.33,.01,.16,.16,.32,.13,.14,-.12,-.17,-.05,.17) * PE_0 +
    mat4(-.10,-.27,-.12,.25,.21,.42,.12,.22,-.09,-.03,-.05,-.27,-.10,-.26,.08,-.05) * PE_1 +
    mat4(.03,-.05,-.19,-.11,.14,-.07,-.03,.11,-.19,-.03,-.03,.50,-.10,.31,.17,.19) * PE_2 +
    mat4(-.88,-.82,.38,-.86,-.51,-.68,.27,-.48,-.16,.27,.08,-.05,.36,.49,-.28,-.05) * PE_3 +
    mat4(-.29,.42,-.15,.90,-.83,-.01,-.15,-.45,-1.75,-1.47,.45,-1.80,-.30,-1.35,-.05,-.41) * PE_4 +
    mat4(.70,.31,-.09,-.11,.08,-.22,-.31,-.12,.28,-.19,-.14,.41,.68,-.25,-.69,-.17) * PE_5 +
    mat4(-.18,.35,-.01,1.23,.63,.84,-.14,-.24,.49,-.66,-.04,.70,-.67,.11,.31,.25) * PE_6 +
    mat4(.39,.14,-.21,.00,.39,.04,-.31,.62,.88,-.32,-.00,-.27,.03,-.29,-.20,.03) * PE_7 +
    mat4(.09,-.10,-.34,.03,.41,.16,-.07,-.12,-.00,.11,.31,-.05,-.06,.22,.43,.02) * PE_8 +
    mat4(-.08,-.02,.09,.02,.26,.11,-.25,-.05,-.12,-.17,-.08,.04,.00,.00,.00,.00) * PE_9 + vec4(-.11,.12,-.29,-.08));
    vec4 f0_7 = relu(
    mat4(.14,-.05,-1.21,.03,-.06,-.06,.75,-.04,-.25,-.03,-.13,.04,.05,-.10,-.63,-.09) * PE_0 +
    mat4(-.13,-.05,.57,-.12,-.18,.02,-.38,-.02,-.03,.03,-.29,.08,-.09,.21,-.21,-.09) * PE_1 +
    mat4(-.08,.08,-.22,.04,.13,-.02,-.20,.14,-.35,-.04,.25,-.15,-.28,-.02,-.74,-.08) * PE_2 +
    mat4(.09,.45,-.41,.33,.07,.37,-.35,.27,-.01,.30,-.37,.09,.11,-.18,.19,.24) * PE_3 +
    mat4(-.55,-.04,.36,-.10,-.45,-.02,.18,-.38,-.46,-.09,.41,.32,.48,.05,.14,.03) * PE_4 +
    mat4(.44,.09,.76,-.35,.15,-.01,-.67,-.17,.36,-.00,-.16,.32,.02,-.15,-.13,-.38) * PE_5 +
    mat4(-.01,-.17,-.04,.31,.40,-.30,-.40,.28,-.26,-.02,-.53,-.03,.26,-.13,.44,.19) * PE_6 +
    mat4(-.83,.40,-.71,-.80,.30,-.12,-.17,.59,-.38,.68,.50,.62,-.25,.06,.11,.35) * PE_7 +
    mat4(-.07,.02,-.26,.27,-.27,-.28,-.11,.15,-.32,.01,.09,.45,.57,.35,-.04,-.22) * PE_8 +
    mat4(.12,.13,.23,-.10,-.02,.43,.25,-.04,-.28,.04,-.14,.21,.00,.00,.00,.00) * PE_9 + vec4(-.34,-.23,-.03,-.04));
    vec4 f0_8 = relu(
    mat4(.23,-.04,1.06,.11,-.06,-.11,-.19,.07,-.12,-.08,-.67,-.10,.08,.10,.68,.12) * PE_0 +
    mat4(.18,-.24,.07,-.12,-.12,-.02,-.69,-.07,-.20,.20,-.37,.16,-.02,.09,-.62,.07) * PE_1 +
    mat4(-.01,-.15,-.19,-.12,.33,.17,.23,.13,.09,-.09,.29,-.10,-.41,-.19,-.45,.23) * PE_2 +
    mat4(-.08,.44,-.48,.24,-.26,-.08,-.94,.36,-.07,-.20,-.00,.17,.22,.27,.08,.10) * PE_3 +
    mat4(-.23,.38,.41,.09,-.55,-.95,-.23,.73,-.54,.84,.65,-.34,-1.03,-.02,-.73,-.24) * PE_4 +
    mat4(-.13,-.42,.36,-.21,-.29,-.49,.48,-.16,-.11,.18,-.50,.48,.07,.40,-.14,-1.09) * PE_5 +
    mat4(-.28,-.38,.01,-.08,-.08,.10,.81,-.18,-.25,-.57,.19,-1.14,-.08,-.08,-.69,.11) * PE_6 +
    mat4(.19,-.40,.07,.61,-.73,.69,-.14,.13,.17,.70,.11,-.24,.01,.20,-.11,-.40) * PE_7 +
    mat4(-.05,.41,-.26,-.77,-.49,-.36,-.27,.39,.03,.24,.09,-.16,.37,.25,-.06,.28) * PE_8 +
    mat4(-.24,.24,.01,-.14,-.00,-.18,.17,.08,-.15,.10,.01,-.04,.00,.00,.00,.00) * PE_9 + vec4(.06,-.00,-.37,-.02));
    vec4 f0_9 = relu(
    mat4(.51,.08,.25,-.08,.44,.68,.07,.09,.65,-.75,.09,-.34,.40,-.09,.11,.08) * PE_0 +
    mat4(.20,.34,.06,-.01,.43,-.73,.04,-.59,-.11,-.15,-.23,-.00,-.38,-.36,-.33,.13) * PE_1 +
    mat4(.14,-.29,-.31,-.10,-.10,.11,.32,.09,-.06,.34,.15,.10,-.12,-.40,.19,-.59) * PE_2 +
    mat4(-.35,-.15,.09,.03,-1.05,-.52,-.11,.12,.08,-.13,-.02,.17,-.48,-.03,.39,-.03) * PE_3 +
    mat4(.23,.68,.16,.18,-.07,-.00,-.29,-.32,-.26,-.07,.13,-.80,-.80,-.60,-.25,-.12) * PE_4 +
    mat4(1.45,.63,-.11,.17,.04,.06,-.44,.03,.00,.48,-.41,.67,-.77,.90,-.58,.22) * PE_5 +
    mat4(.31,.18,-.25,-.38,.67,.13,-.34,-.21,-.34,.47,.25,-.23,.34,.02,.53,.05) * PE_6 +
    mat4(-.07,-1.08,.63,.28,-.37,.16,.72,-.06,-.06,-.20,-.15,-.51,.15,-.31,.09,.89) * PE_7 +
    mat4(.30,.65,.26,.64,.05,-.02,.48,.23,-.03,-.02,.58,-.12,-.26,.17,.45,.21) * PE_8 +
    mat4(-.26,.05,.77,-.48,-.03,.31,.02,-.39,-.00,.23,-.30,.06,.00,.00,.00,.00) * PE_9 + vec4(.10,-.20,-.17,-.07));
    vec4 f0_10 = relu(
    mat4(.03,-.68,-.02,-.03,-.06,.81,-.03,-.01,-.19,-.64,-.03,.29,-.09,-.38,.07,.05) * PE_0 +
    mat4(-.10,.46,-.12,.17,-.10,-.55,-.07,.19,.11,-.01,-.18,-.37,.09,-.19,-.00,-.16) * PE_1 +
    mat4(.12,-.17,-.13,-.47,-.22,.10,-.01,.13,.07,-.20,.04,.01,-.19,-.04,-.11,.32) * PE_2 +
    mat4(.24,.02,.07,-.31,-.06,-.29,.11,-.37,.10,-.27,.05,-1.16,-.07,.23,.04,-.35) * PE_3 +
    mat4(.17,-.48,-.05,.36,.17,.90,-.54,-.21,-.21,1.60,.23,-.61,-.56,.81,.08,.25) * PE_4 +
    mat4(-.29,.05,-.42,-.50,.42,.01,-.06,-.38,.01,.59,-.45,.42,.58,-.09,-.47,.97) * PE_5 +
    mat4(.32,-.61,-.22,-.11,-.28,.28,-.09,-.49,-.11,.45,.10,.36,.28,-.11,.05,.11) * PE_6 +
    mat4(.27,-.08,-.35,.95,-.14,.40,.49,-.13,-.38,.14,-.27,-1.30,-.18,-.63,.35,.10) * PE_7 +
    mat4(.31,.18,-.04,.06,.54,-.07,-.26,.26,-.10,.02,.71,.16,.06,-.26,.61,.57) * PE_8 +
    mat4(.39,.14,-.11,-.03,-.45,-.17,.22,.49,.04,-.09,.35,.56,.00,.00,.00,.00) * PE_9 + vec4(-.03,.02,-.14,-.15));
    vec4 f0_11 = relu(
    mat4(.00,.32,-.17,-.34,-.06,-.51,.29,-.89,.06,.32,.40,.51,.08,.43,.18,.06) * PE_0 +
    mat4(.14,-.37,.50,-.56,-.15,-.02,.22,.39,-.13,.11,-.22,-.06,-.21,-.07,-.08,-.34) * PE_1 +
    mat4(.04,-.17,.02,-.07,.03,-.11,.11,.13,.13,-.09,.14,-.43,-.04,-.10,-.24,.26) * PE_2 +
    mat4(-.05,.20,-.20,-.31,-.36,.01,-.69,-.57,-.27,-1.14,.01,-.66,-.02,-.70,.07,.24) * PE_3 +
    mat4(.22,-.24,-.04,.22,-.53,-.44,-.69,-.76,-.54,.47,-1.11,-.75,-.69,.95,-.86,-.49) * PE_4 +
    mat4(-.06,-.46,1.25,.62,-.00,-.06,-.07,-.15,-.40,-.19,.03,.51,-.68,.24,.05,.48) * PE_5 +
    mat4(.24,.44,-.12,-.33,-.01,-.40,.18,.33,.36,-.83,.36,.89,-.30,-.35,-.05,.35) * PE_6 +
    mat4(.30,.11,-.05,1.00,.23,-.01,-.12,.06,.16,-.11,.20,-.17,-.30,.15,-.14,.60) * PE_7 +
    mat4(-.27,-.53,.58,.27,.21,.08,.34,-.07,.46,.13,-.19,.28,-.08,.15,-.24,-.25) * PE_8 +
    mat4(-.19,-.47,-.04,.21,-.61,.40,-.04,.39,-.06,-.52,.13,-.01,.00,.00,.00,.00) * PE_9 + vec4(-.17,.15,-.12,.04));
    vec4 f0_12 = relu(
    mat4(.07,.53,-.77,.36,-.04,-.04,-.20,.65,-.24,.53,-.53,.29,-.03,.21,-.57,.22) * PE_0 +
    mat4(-.04,.14,-.09,.40,-.25,.53,-.43,.58,.11,-.17,-.30,-.27,-.11,.23,-.03,-.19) * PE_1 +
    mat4(-.10,-.42,-.05,.01,.02,.01,-.41,.05,.13,.08,-.18,-.14,-.40,.78,-.18,.71) * PE_2 +
    mat4(.36,-.00,-.23,-.62,.12,.04,-.49,-.44,.12,-1.65,.24,-.29,.02,-.34,-.30,.01) * PE_3 +
    mat4(.01,.01,-.30,-.42,-.12,.44,-.24,.52,-.15,-.19,.64,-1.09,1.02,.74,-.24,-.28) * PE_4 +
    mat4(.43,-.01,.48,-.53,.12,.23,-.95,-.14,-.07,1.09,.45,-.46,.01,.02,-.08,-.73) * PE_5 +
    mat4(-.46,-.12,-.51,.85,-.19,-.80,.53,-.45,-.83,.49,.09,.34,-.05,-.15,.17,.01) * PE_6 +
    mat4(.02,.50,-.15,.09,-.21,.39,-.31,.19,-.10,.49,.42,.02,.45,.45,.54,1.89) * PE_7 +
    mat4(.11,-.67,.19,-.11,.07,-.09,.41,.28,-.06,.09,.05,.19,-.81,.15,-.05,-.02) * PE_8 +
    mat4(-.24,.07,-.04,-.13,-.02,-.08,.06,-.19,-1.26,.10,.19,.13,.00,.00,.00,.00) * PE_9 + vec4(-.43,.07,.04,.06));
    vec4 f0_13 = relu(
    mat4(.15,.53,.37,-.17,.42,.14,-.17,-.24,-.31,-.10,-.16,.59,.19,.66,.04,-.06) * PE_0 +
    mat4(.33,.24,-.05,-.37,-.15,-.17,-.03,.69,-.32,-.22,.08,-.46,-.11,-.11,-.27,-.08) * PE_1 +
    mat4(.01,-.17,-.11,-.25,.26,.59,-.05,-.03,.38,-.05,.23,-.39,-.41,.01,-.23,.42) * PE_2 +
    mat4(-.52,-.57,.33,-.51,-.35,-.20,-.88,-.13,.21,-.68,-.30,-.27,.19,.49,-.08,.07) * PE_3 +
    mat4(.05,-.22,.00,-.13,-.77,-.10,.87,.87,-2.31,-.45,.78,-.49,-1.50,.55,-.70,.43) * PE_4 +
    mat4(.44,-.28,-.05,-.47,-.21,-.09,.34,.21,-.26,-.16,.44,-.05,.48,.84,-.84,.94) * PE_5 +
    mat4(.21,.92,-.61,-1.13,.81,.16,1.37,.21,-.71,.37,-.07,.06,.10,-1.21,-.16,-.30) * PE_6 +
    mat4(-.30,.93,-.33,-.24,.58,.05,.46,.20,.07,-.25,.05,-.35,-.36,.34,1.38,.71) * PE_7 +
    mat4(.34,.45,.19,-.25,.06,.36,-.04,-.07,.04,-.69,-.17,.24,.20,-.11,.10,.31) * PE_8 +
    mat4(.04,.13,.08,-.39,.16,-.36,-.31,.40,.18,.06,.07,-.63,.00,.00,.00,.00) * PE_9 + vec4(.01,-.21,.07,-.14));
    vec4 f0_14 = relu(
    mat4(-.05,.92,.01,.19,-.05,-.41,-.38,.15,.07,.05,-.68,-.18,.10,.36,.01,.26) * PE_0 +
    mat4(.08,-.13,-.24,.16,.02,.18,-.65,.06,.12,-.31,-.07,.04,.09,-.05,-.08,.01) * PE_1 +
    mat4(-.13,-.26,-.29,-.12,-.12,.12,.04,.24,.02,-.30,-.37,.30,.14,.58,-.40,.21) * PE_2 +
    mat4(.45,-.52,.33,.06,.27,.02,.15,.02,.19,-.40,-.52,.07,-.24,-1.14,-.14,.07) * PE_3 +
    mat4(-.15,-.24,-.13,.43,-.34,1.07,1.30,.37,.23,.36,.81,-.26,.70,1.03,1.07,-.38) * PE_4 +
    mat4(.23,-.25,-.41,-.32,-.16,.15,.04,-.31,-.07,-.12,-.30,-.65,-.65,-.42,.62,.16) * PE_5 +
    mat4(-.27,-.13,-.06,-.43,.25,-.04,.31,-.34,-.47,-.63,.35,-.52,.41,-.34,.00,.15) * PE_6 +
    mat4(-.05,-.37,.43,.65,.28,.18,.85,.03,-.11,.63,.15,.04,.07,.47,-1.39,-.24) * PE_7 +
    mat4(-.51,.18,-.29,-.31,.05,-.02,-.03,-.04,-.29,.56,.19,.28,-.90,.49,.02,-.24) * PE_8 +
    mat4(.21,-.11,.12,-.40,-.05,.08,-.08,-.14,.51,.43,.19,.34,.00,.00,.00,.00) * PE_9 + vec4(-.20,-.02,-.17,-.16));
    vec4 f0_15 = relu(
    mat4(-.35,.17,.52,.39,-.62,.77,.71,.55,.23,-.17,.61,-.26,-.09,.31,.51,.49) * PE_0 +
    mat4(-.46,.54,.50,.57,.38,-.26,.38,-.17,.04,-.22,-.32,-.07,.03,-.33,-.20,-.12) * PE_1 +
    mat4(-.39,-.31,-.41,-.25,.24,.17,.38,.20,-.00,.08,.26,.62,.66,-.03,-.03,-.40) * PE_2 +
    mat4(-.26,-.54,-.34,-.24,-.14,.00,-.38,-.57,-1.77,-.25,-.26,-.23,.07,.46,.36,.33) * PE_3 +
    mat4(-.01,.35,.43,.11,-.49,-.45,-.21,.75,-.68,.37,-.36,-.26,-1.00,1.32,-.37,-.80) * PE_4 +
    mat4(.22,-.34,.94,-.21,.35,.57,.34,-.56,.34,.56,.40,-.45,.14,.17,-.53,.29) * PE_5 +
    mat4(-1.03,1.27,.75,.92,-.19,-.82,.02,.29,-.70,-.05,-.50,.23,.20,-.37,-.69,.02) * PE_6 +
    mat4(.96,.21,.43,-.87,-.19,-.45,-.54,.22,-.15,-.47,-.77,-.09,-.03,.25,.02,.54) * PE_7 +
    mat4(-.25,.10,.18,-.27,-.20,-.21,.00,.30,.03,.07,-.08,.28,.04,-.26,.06,.03) * PE_8 +
    mat4(.07,-.42,.13,-.09,-.02,-.02,.15,-.09,-.11,-.10,-.12,.06,.00,.00,.00,.00) * PE_9 + vec4(.08,-.05,-.19,-.13));
    
    vec4 f1_0 = relu(
    mat4(-.10,-.50,.55,-.10,-.24,-.30,-.36,-.17,-.17,.10,-.05,.06,-.02,-.21,.05,-.09) * f0_0 +
    mat4(-.10,-.46,.27,-.10,-.18,-.28,.05,-.12,-.12,.21,.00,-.11,-.24,.22,.15,-.10) * f0_1 +
    mat4(-.04,.22,.05,-.03,-.18,.16,-.79,-.10,-.18,.11,.28,-.09,-.22,-.13,-.69,.05) * f0_2 +
    mat4(-.09,.04,-.22,-.17,-.09,.04,.18,.04,-.26,-.65,-.06,-.04,-.29,.08,.20,-.12) * f0_3 +
    mat4(-.11,.06,.09,-.05,-.26,-1.29,-.13,-.03,-.28,-.07,.53,-.06,-.04,.24,-.07,.00) * f0_4 +
    mat4(-.02,-.32,-.66,.21,-.16,.06,-.24,-.17,-.23,-.08,-.32,-.10,-.09,-.08,-.25,-.04) * f0_5 +
    mat4(.06,-.11,-1.21,-.05,-.06,-.67,-.11,.02,-.29,-.08,-.13,-.10,-.02,-.60,.07,.06) * f0_6 +
    mat4(-.16,.12,.30,-.20,-.16,-.34,.03,-.16,.01,.03,-.59,.02,-.35,-.22,-.68,-.00) * f0_7 +
    mat4(-.26,-.15,.26,-.01,-.23,-.03,.21,.03,-.04,-1.39,1.25,.06,-.19,-.14,.09,-.16) * f0_8 +
    mat4(-.16,-.60,-.47,.00,.06,-.25,-.68,-.09,-.20,.18,-.25,-.16,-.14,-.09,.12,-.16) * f0_9 +
    mat4(-.18,.24,-.34,-.05,-.10,-.59,.18,.06,-.30,-.16,.15,-.17,-.28,.09,.04,-.08) * f0_10 +
    mat4(-.11,-.12,-.49,-.21,-.12,-.09,.30,.01,-.02,.10,-.84,-.15,.01,-.32,.30,.04) * f0_11 +
    mat4(-.05,.05,.09,-.03,-.23,-.19,.29,-.10,-.25,-.23,-.42,-.13,-.12,-.45,.65,-.05) * f0_12 +
    mat4(-.09,.31,.17,-.08,-.17,.08,.51,.02,-.24,-.65,.55,.03,-.03,.13,.44,-.14) * f0_13 +
    mat4(-.15,-.06,-.45,-.19,-.22,-.16,-.15,-.07,-.08,-.69,-.36,-.10,-.05,.15,.02,-.04) * f0_14 +
    mat4(-.23,-.65,.39,.01,-.23,-1.28,-.87,.04,-.14,-.49,.72,.05,-.29,.04,.17,.04) * f0_15 + vec4(-.29,.03,-.17,.01));
    vec4 f1_1 = relu(
    mat4(-.37,.08,-.62,-.54,.43,-.63,-.16,.00,.21,.97,-.34,-.60,.12,.10,.02,.06) * f0_0 +
    mat4(-.36,.20,.10,-.87,-.89,-.58,.20,-.26,-.88,.03,.75,-.55,-.76,.38,.09,.09) * f0_1 +
    mat4(-.66,-.20,-.15,.09,.59,-.87,.00,-.08,.25,-.21,.18,-.14,.12,.40,.01,-.45) * f0_2 +
    mat4(.36,-.03,-.18,-.02,-.71,-.37,-.34,.49,.03,-.85,-.13,.61,-.03,.21,.11,-.17) * f0_3 +
    mat4(-.18,.71,-.36,-.47,.08,.45,.82,-.15,.50,-.13,-2.19,-.48,.59,-.80,-.20,.08) * f0_4 +
    mat4(-.01,-.25,.79,-.22,-.89,-.40,-.17,-.05,.09,-.49,-.17,-.21,.38,-.91,-1.29,1.01) * f0_5 +
    mat4(.76,-.09,.54,-.21,.54,-1.16,-.25,-1.06,-.12,.48,.11,.10,-.36,-.89,-.87,-.40) * f0_6 +
    mat4(-.26,.20,-.56,.37,.03,.10,.40,.06,.03,.44,.58,-.35,.08,-.40,-.07,.08) * f0_7 +
    mat4(-.17,-.32,.05,-.38,.14,.28,-.23,.47,-.39,.74,-.25,.66,.24,.42,-.57,.14) * f0_8 +
    mat4(1.05,.35,.36,-.03,-.93,.52,.91,-.01,.35,.16,.11,.28,-.18,-.09,-.10,-.06) * f0_9 +
    mat4(-.39,-.11,-.16,-.19,-.17,-.40,-1.70,-.09,-.26,-.15,-.23,.06,.64,-.05,-.15,.57) * f0_10 +
    mat4(.11,-.14,-1.15,-.20,-.98,.36,-.75,.43,-.51,-.46,-.38,.14,-.29,.36,-.85,-.23) * f0_11 +
    mat4(-.48,-.04,-.13,.75,.59,-1.90,-.32,.10,-.02,-.11,-1.46,-.23,.67,-.14,-.19,-.51) * f0_12 +
    mat4(.38,-.39,-.24,-1.73,.19,-.84,.84,.31,.17,-.36,.38,-.02,.52,-.61,.60,-.32) * f0_13 +
    mat4(-.41,.13,-.08,.42,.14,.12,-.96,-.35,-.23,-.44,-.40,.35,.05,-.09,.11,-.02) * f0_14 +
    mat4(.94,-1.08,1.10,.52,.45,.37,-.35,.06,-.95,.21,.10,-.28,-.22,-1.23,.56,-.46) * f0_15 + vec4(-.48,.31,-.08,-.03));
    vec4 f1_2 = relu(
    mat4(-.31,-.63,-.21,-.39,.05,-.09,-.08,.05,-.17,.11,.08,-.01,.01,-.12,-.14,-.01) * f0_0 +
    mat4(-.70,-.23,-.08,-.20,.03,-.05,-.02,-.00,-.22,-.37,.02,.33,-.20,-.03,.07,-.07) * f0_1 +
    mat4(-.10,.02,-.26,.07,.20,.34,-.06,-.12,.10,-.18,-.23,-.03,-.08,-.09,-.05,-.13) * f0_2 +
    mat4(-.25,-.06,-.18,-.26,-.58,-.20,-.08,.00,-1.20,-.33,-.12,-.20,-.10,.06,-.17,.16) * f0_3 +
    mat4(.03,-.25,.01,-.37,-.41,-.16,.01,-.57,-.25,-.41,-.01,-.50,.34,-.24,-.04,.41) * f0_4 +
    mat4(-.19,-.77,-.10,-.44,-.16,-.09,-.05,.01,-.36,-.83,.02,-.59,-.69,-.12,-.09,-.12) * f0_5 +
    mat4(.23,.00,.04,.29,-.21,-.26,-.07,-.12,.20,.34,-.09,-.06,-.26,-.45,.10,-.23) * f0_6 +
    mat4(-.29,-.11,-.26,.12,.24,.00,-.05,-.25,-.08,-.39,-.11,-.11,.14,.14,-.04,.28) * f0_7 +
    mat4(-.17,.27,-.14,-.01,-.02,.17,-.11,.06,-.13,-.20,.10,-.11,.01,.20,-.08,.38) * f0_8 +
    mat4(-.25,.15,-.06,-.49,-.36,-.23,-.05,.08,-.34,-.27,-.17,.33,.05,.16,-.14,-.00) * f0_9 +
    mat4(.27,.02,-.02,.09,-.06,-1.18,-.08,-.25,-.12,.11,-.17,-.23,-.42,-.25,-.01,-.30) * f0_10 +
    mat4(.28,-.09,-.14,-.07,-.09,-.24,.10,-.30,-.92,-.57,-.21,-.70,-.51,-.20,.04,-.27) * f0_11 +
    mat4(.13,.02,.02,-.33,-.12,-.15,-.01,-.92,.17,-.06,-.06,.11,-.01,-.03,.11,-.16) * f0_12 +
    mat4(.04,-.13,.04,-.25,.12,-.14,-.02,-.19,-.49,-.77,-.06,-.34,-.03,.43,.09,.38) * f0_13 +
    mat4(.13,-.14,-.23,-.05,-.17,.06,.14,-.41,.11,-.60,-.13,.03,.09,-.01,.02,-.16) * f0_14 +
    mat4(-.59,-.97,-.07,-.36,-.31,-.47,-.12,.53,.25,-.25,.09,.03,.10,.38,-.09,-.26) * f0_15 + vec4(.35,.21,.04,.07));
    vec4 f1_3 = relu(
    mat4(.12,.85,.25,-.94,.15,.34,.42,.67,.05,-.20,.13,.73,-.53,-.19,-.29,-.29) * f0_0 +
    mat4(.31,-.10,-.53,.01,-.16,-.68,.37,-1.31,.46,-.41,.83,.99,.01,-.32,-.64,.32) * f0_1 +
    mat4(-.15,.15,.49,-.39,-.08,.07,-.58,-.15,-.19,.04,.07,-.14,-.34,.13,.22,-2.81) * f0_2 +
    mat4(-.01,.01,-1.34,-.39,-.18,.05,-.57,.11,-.26,.50,-.46,-1.50,.34,.42,-.38,.67) * f0_3 +
    mat4(.22,.63,.37,-.53,-.71,-.06,-.66,-1.89,.30,.25,-1.22,.26,.03,-.26,-1.70,.14) * f0_4 +
    mat4(-.89,.48,.47,-1.56,-.60,-.62,.08,-.38,-.07,.22,.65,-.21,-.45,1.09,.89,-1.80) * f0_5 +
    mat4(-.28,.21,-.39,-.19,.37,.82,.46,-.83,-.21,-.18,-.07,-.29,.21,.67,.15,.18) * f0_6 +
    mat4(.07,-.13,-.46,.20,-.23,-.34,.01,-.04,-.02,.03,.26,1.33,.16,.00,-.07,-.26) * f0_7 +
    mat4(.13,-.13,-.09,.31,.36,.32,-1.33,.17,.79,.77,-1.19,.11,.22,-.06,-1.14,-.02) * f0_8 +
    mat4(.50,.83,.83,.78,.30,-.13,-.64,.66,.18,-.25,.28,.10,.02,.21,-.85,-.20) * f0_9 +
    mat4(-.05,.13,.08,-.30,-.47,1.04,1.26,-1.02,.06,-.24,-.17,-.19,-.34,.05,-1.30,-.75) * f0_10 +
    mat4(-.67,.13,-1.74,.02,-.28,.43,.13,-.31,-.11,.18,-2.45,.12,-.48,.76,-.18,-.65) * f0_11 +
    mat4(-.06,-.32,.43,-.13,.08,.90,-.91,-.07,-.51,.23,.23,-.31,.35,.43,-.17,.82) * f0_12 +
    mat4(.03,.15,.19,.45,.37,-.34,1.61,.82,-.61,.76,.52,-2.00,.10,-.12,-.09,.26) * f0_13 +
    mat4(-.08,-.44,-.09,-.37,.16,.05,.08,.49,-.18,.32,.30,.75,.23,-.10,-.85,.24) * f0_14 +
    mat4(.85,.89,-1.07,1.53,-.07,.15,-.25,.95,.44,-.05,-2.24,.15,.23,-.30,-2.36,.96) * f0_15 + vec4(-.12,-.19,-.08,.06));
    vec4 f1_4 = relu(
    mat4(-.21,.50,-.66,-.06,.22,-.06,.23,-.12,-.24,-.03,-.19,.16,-.09,-.14,-.09,-.04) * f0_0 +
    mat4(-.35,.73,-.51,-.29,-.36,.06,-.27,-.21,.28,.22,.04,-.21,-.23,1.05,-.21,-.10) * f0_1 +
    mat4(.20,.05,.18,-.08,.25,.02,.10,-.19,.27,-.14,.03,-.28,-.20,.30,-.51,-.04) * f0_2 +
    mat4(-.14,.00,-.07,-.19,-.32,1.28,-.55,-.04,-.49,-.45,.39,.03,.27,.08,-.21,-.15) * f0_3 +
    mat4(-.83,.48,.06,-.22,-.16,.74,.23,-.18,-.75,.08,.28,.12,-.08,.20,-.32,-.14) * f0_4 +
    mat4(-1.08,.86,-.29,.23,.16,-.34,.27,-.10,-.65,.82,-.28,-.10,-.84,-.23,-1.15,-.01) * f0_5 +
    mat4(-.50,-.15,-.61,-.16,-.42,.33,-.69,.03,-.15,-.14,-.48,-.10,-.42,-.01,-.42,-.20) * f0_6 +
    mat4(.03,.04,.07,-.04,-.08,-.49,.10,-.19,-.12,.76,-.18,-.14,.12,-.08,-.04,.03) * f0_7 +
    mat4(-.13,.15,.17,-.14,.27,-.16,.22,-.09,-.07,.93,-.65,.09,.13,-.46,.05,-.17) * f0_8 +
    mat4(-.87,.83,-.55,-.20,-.48,-.37,-.66,-.02,.02,.26,.04,-.14,.15,-.40,.10,-.12) * f0_9 +
    mat4(.14,-.25,-.28,-.13,-.45,.71,-.10,-.09,.06,.05,.06,-.30,-.72,.26,-.54,-.15) * f0_10 +
    mat4(.04,-.21,-.11,-.24,-.32,.08,-.03,-.00,-.57,.03,-.21,-.27,-.42,.11,-.52,-.03) * f0_11 +
    mat4(-.38,-.03,.22,-.05,-.41,.64,.90,-.00,.00,-.20,.16,-.20,-.41,.27,-.46,.13) * f0_12 +
    mat4(-.19,.04,-.15,-.08,.08,.18,.10,.12,-.65,.55,-.66,.02,-.04,-.13,.05,.07) * f0_13 +
    mat4(.10,-.11,-.02,-.19,-.18,.66,-.13,-.04,-.66,-.12,-.32,-.04,.04,-.08,.21,-.22) * f0_14 +
    mat4(-.65,.40,.42,-.16,-.41,-.49,-.32,.11,.06,.59,-.24,-.10,-.18,.18,-.41,-.23) * f0_15 + vec4(.14,-.52,.25,-.09));
    vec4 f1_5 = relu(
    mat4(.91,.04,-.04,.51,-.05,-.53,-.01,-.09,-.73,.04,-.02,.23,-.31,.20,-.08,-.19) * f0_0 +
    mat4(-.17,-1.67,-.01,.11,-.14,-.38,.09,.35,.20,.75,-.09,.15,.31,-1.73,-.09,.15) * f0_1 +
    mat4(-.38,-.04,.01,-.39,-.11,.22,-.10,-.29,.07,-.24,-.13,.24,-.10,.22,-.07,-.19) * f0_2 +
    mat4(-.33,-.01,-.10,-.06,-1.04,-.68,.01,.10,.69,.13,-.03,-.36,-.19,-.39,.06,-.14) * f0_3 +
    mat4(.48,.23,-.02,-.08,-.24,-.10,-.08,.48,-.37,-2.12,.06,.45,-.05,-.05,-.06,-.40) * f0_4 +
    mat4(.31,-.12,.06,-.11,-.09,-.41,-.06,-.63,.66,-1.54,-.06,.68,1.45,-4.27,.04,-.19) * f0_5 +
    mat4(.05,1.31,.03,.26,.22,-.57,-.10,.48,-.09,-.39,-.10,-.38,-.63,-.36,-.04,1.05) * f0_6 +
    mat4(-.29,-.41,-.06,.31,-.44,.04,-.00,-.13,-1.10,.53,-.12,1.12,-.27,.67,.01,.05) * f0_7 +
    mat4(-.12,-.43,-.10,.01,.48,-.73,.03,.12,.59,-.87,-.00,1.36,-.19,-.15,-.10,-.28) * f0_8 +
    mat4(.01,-.21,.12,.33,.16,-.75,-.07,.04,.29,.78,-.13,.65,.29,.62,-.15,-.19) * f0_9 +
    mat4(-.19,-.79,-.03,-.34,.48,-.20,.04,.37,-.19,-.32,-.03,.14,-.81,-1.37,-.12,-.24) * f0_10 +
    mat4(.20,-1.74,-.04,-.08,.01,.02,-.07,.20,.33,.89,-.10,-.02,-.08,.13,-.00,-.74) * f0_11 +
    mat4(.09,.06,-.14,-.07,.32,.19,-.11,.36,-.01,-1.32,-.09,.34,-.77,.22,.04,.44) * f0_12 +
    mat4(.01,-1.28,.02,.28,-.14,.65,-.10,.49,.20,-2.08,.03,.73,-.35,-.71,.03,.07) * f0_13 +
    mat4(-.20,-.73,-.01,-.43,.79,-.64,.01,.95,.99,.17,-.02,-.17,-.06,-.34,-.15,-.12) * f0_14 +
    mat4(.29,1.71,-.08,.41,.22,-.03,-.03,-.28,-1.44,-.58,-.10,1.21,.27,.12,-.11,.51) * f0_15 + vec4(-.39,-.28,-.03,-.24));
    vec4 f1_6 = relu(
    mat4(.28,-1.06,-.13,-.36,.36,.63,.00,.52,-.02,-1.53,-.05,.69,.22,-.21,-.11,.32) * f0_0 +
    mat4(-.41,-.53,.00,-.16,-.56,-1.44,-.07,-.45,.56,-1.60,-.12,-.10,-.16,.10,-.15,-.64) * f0_1 +
    mat4(-.31,.03,-.03,.25,-.25,.26,.03,.44,.01,.56,-.05,.39,.15,-.15,-.05,-1.33) * f0_2 +
    mat4(.09,.15,-.12,.14,-.39,.53,-.05,-.81,-.13,-.23,-.14,-.31,.35,.45,-.04,.17) * f0_3 +
    mat4(-.19,-.73,-.16,-.48,-.38,-.80,-.08,-.71,.18,.49,-.05,-.68,-.25,-2.25,.06,-.17) * f0_4 +
    mat4(-.74,-.57,-.00,-.98,-.58,-.34,-.00,.23,-.08,.75,-.12,-.24,.51,.12,-.08,-1.24) * f0_5 +
    mat4(.83,-.60,.09,-.43,-.26,.30,-.02,-.30,-.29,.04,-.15,-.12,.59,-.55,-.12,-.72) * f0_6 +
    mat4(-.54,.09,-.10,.11,-.25,-.21,-.06,-.05,.32,-.80,-.07,-.37,-.03,-.01,.03,-.02) * f0_7 +
    mat4(-.19,.65,.01,.23,.08,.23,.04,.34,-.42,-2.11,-.01,-.61,.03,.02,.06,.16) * f0_8 +
    mat4(.17,-.30,-.08,-.43,.00,.11,.01,-.61,.05,-.13,-.05,.35,.47,-1.32,.03,.45) * f0_9 +
    mat4(-.15,.12,-.01,.03,-.08,-.77,-.14,-.56,-.08,.12,-.07,.12,-.46,.13,.06,-.42) * f0_10 +
    mat4(.14,.24,-.11,.30,-.03,.20,-.10,-.35,.40,.42,-.07,.41,-.07,-.41,-.09,-.71) * f0_11 +
    mat4(-.42,-.69,-.10,.12,.42,.50,.01,-.32,.11,.89,-.11,-1.75,.17,.25,.03,-.12) * f0_12 +
    mat4(-.29,-1.11,-.06,.30,.32,1.01,.02,-.09,.42,-.20,.08,-.83,.39,-.37,-.02,.60) * f0_13 +
    mat4(-.32,-.97,-.16,-.03,-.44,-1.73,.06,-.57,.21,-.10,-.04,-.30,-.06,-.08,-.10,.27) * f0_14 +
    mat4(.47,-.39,-.03,-.99,-.43,.45,.03,-1.59,.29,.25,-.11,-.57,-.29,.33,-.09,.51) * f0_15 + vec4(-.14,-.04,-.01,.38));
    vec4 f1_7 = relu(
    mat4(-.14,.50,-1.03,1.18,-.04,-.04,.11,.51,.41,-.09,-.05,.28,.71,-.14,.51,-.10) * f0_0 +
    mat4(.56,.27,-.97,-.18,-.52,-.12,-.28,-.19,-1.17,-.17,-.41,.53,.02,-.32,-.79,-.38) * f0_1 +
    mat4(.28,.02,.60,.02,.45,-.09,.64,.19,.32,.17,.29,-.07,-.50,.17,-.07,.65) * f0_2 +
    mat4(.16,.14,.06,-.44,.92,-.37,-.75,-.44,-.99,-.44,-1.17,-.53,-.58,.11,-.22,-.75) * f0_3 +
    mat4(.62,.39,-1.97,-.38,-.37,.32,-.61,-.79,-.07,-.44,-1.72,.70,.05,.11,-.43,-.79) * f0_4 +
    mat4(-1.49,.25,-1.36,-.12,-1.16,-.09,.47,.19,.87,.48,-1.50,1.07,-.04,.15,-.87,-1.08) * f0_5 +
    mat4(-.50,.22,-.96,-1.43,-.36,.46,-1.38,-.23,.13,-.16,.32,.22,-.60,.64,-2.36,-.22) * f0_6 +
    mat4(.25,-.07,.37,-.82,.18,-.12,.31,-.19,-.06,.22,-1.58,.16,.37,-.19,.22,-.49) * f0_7 +
    mat4(-.31,.14,.11,-.14,-.09,.01,.23,.28,-3.56,.39,-1.57,-.49,-.36,-.44,.58,-.34) * f0_8 +
    mat4(.22,.13,-1.26,.56,-1.77,.26,-1.43,-.69,.28,-.02,.46,.42,.28,.08,.44,.08) * f0_9 +
    mat4(-.05,.05,.36,.30,-.87,.88,-1.25,.93,.47,.30,.60,.21,-1.29,-.17,-.60,-.70) * f0_10 +
    mat4(.17,.05,.02,.25,-.72,.06,-.90,-.37,.39,.13,-1.66,-1.01,-.56,.05,-1.06,-.17) * f0_11 +
    mat4(.20,-.39,-.01,-.86,-1.02,.07,-2.38,-1.48,-.50,.34,.19,.35,.51,.35,-1.12,-.38) * f0_12 +
    mat4(-.05,.12,-.57,.79,-.29,.15,-1.44,-.52,.60,.68,-1.33,-.43,-.57,.31,.28,.66) * f0_13 +
    mat4(.06,-.20,.43,-.50,-1.00,.13,-1.28,-.26,-.92,-.04,-1.20,-.10,-1.08,-.07,.27,-.02) * f0_14 +
    mat4(-1.06,.13,-1.96,-.14,-.76,-.33,-1.45,.19,.00,-.20,-.79,.48,-2.36,.23,-.06,-.38) * f0_15 + vec4(-.14,-.35,.37,-.10));
    vec4 f1_8 = relu(
    mat4(.74,.72,.05,-.08,.37,-.47,-.11,-.03,.66,-.24,-.04,.55,-.28,-.06,-.02,-.17) * f0_0 +
    mat4(.56,-.77,-.13,.33,-.85,-.13,.04,-.11,-.38,-.31,-.14,.50,-.49,.32,.05,.14) * f0_1 +
    mat4(.28,-.16,-.11,-.32,-.19,-1.05,.02,-.33,-.27,-.83,-.02,.04,-.76,-.53,.05,-.70) * f0_2 +
    mat4(-.30,-.14,.07,-.22,.52,-.44,-.13,-.98,.73,.03,-.12,-1.06,.16,-.22,-.09,-.08) * f0_3 +
    mat4(1.26,.47,-.03,-1.60,-.01,-.11,-.01,.61,.19,-.17,-.11,-2.43,.04,-.19,-.13,-.27) * f0_4 +
    mat4(-.01,.46,.10,-2.03,-.31,-.11,-.02,-.10,.39,-.12,.06,-.74,1.02,.64,-.03,-1.87) * f0_5 +
    mat4(.64,-.35,-.15,-.45,.48,.10,-.11,.34,-.20,.05,.03,-.14,.19,-.20,.04,-1.51) * f0_6 +
    mat4(.02,-.06,.03,-.10,-.37,-.14,-.13,-.13,.64,-.09,-.05,-.34,-.08,-.16,-.02,-.39) * f0_7 +
    mat4(.25,-.24,.00,.57,.03,.37,-.12,.20,.67,-.24,-.04,-.60,-.07,.01,-.02,-.10) * f0_8 +
    mat4(.73,-.05,-.06,-.64,.31,.58,-.12,-.10,-.32,.05,-.16,.20,.05,-.14,-.07,-.32) * f0_9 +
    mat4(-.00,-.34,-.13,.18,.31,-.01,-.16,-1.63,.17,.13,-.18,.03,-.18,.02,.00,-.86) * f0_10 +
    mat4(.27,-.40,-.12,-.09,-.09,.27,-.09,-.41,.20,-1.06,-.14,.65,.13,-.15,.03,.00) * f0_11 +
    mat4(-.03,.15,-.14,-.35,.58,-.41,-.11,-.27,.25,-.11,.00,.04,-.14,-.25,.04,-.70) * f0_12 +
    mat4(.19,-.67,-.00,.59,.00,-.01,-.11,.28,.12,.25,-.16,-.24,.18,-.35,-.04,.04) * f0_13 +
    mat4(-.01,.30,-.21,-.13,-.34,-.22,-.00,-1.66,.44,.14,-.14,.39,-.23,.07,.06,.35) * f0_14 +
    mat4(.25,.02,.09,-.63,.30,.12,-.05,-.85,.28,.28,-.16,-.20,-.05,-.44,-.23,.56) * f0_15 + vec4(-.36,-.25,-.16,-.25));
    vec4 f1_9 = relu(
    mat4(-3.28,-.33,-.35,.56,.13,-.20,.05,-.14,-.04,.24,.14,.34,.90,-.24,.09,-.25) * f0_0 +
    mat4(-2.04,-.13,-.58,.52,-.61,-.17,.14,.28,-1.36,.17,.04,-.39,-.92,-.24,-.20,.05) * f0_1 +
    mat4(.73,-.03,.14,-.12,1.43,.01,.02,-.20,.48,.19,.02,-.19,-1.73,.23,-.01,-.61) * f0_2 +
    mat4(.53,-.19,-.05,.03,-.91,-.31,-.14,-.01,-.76,.26,-.36,.38,-.73,.26,-.14,.03) * f0_3 +
    mat4(-3.90,-.39,-.17,-.43,-.85,-.47,.29,.68,-2.12,-.22,-.08,.11,-1.62,.27,.05,.07) * f0_4 +
    mat4(-1.17,-.75,-.13,.45,1.11,.03,.12,.20,-2.18,-.35,-.85,-.18,-1.76,-.12,-.57,-.07) * f0_5 +
    mat4(-1.65,-.57,-.18,.27,-2.16,-.26,-.95,-.24,.12,.07,.16,-.03,-3.80,-.38,-.35,.57) * f0_6 +
    mat4(1.14,.26,.06,-.04,-.04,.18,.03,-.10,-1.75,-.03,-.56,.25,.40,.05,-.04,.10) * f0_7 +
    mat4(.00,.24,.13,.04,.80,.16,-.06,-.06,-1.86,.20,-.24,.56,.91,.15,.24,.11) * f0_8 +
    mat4(-2.70,-.30,-.52,.90,-1.91,-.35,-.60,-.06,.43,.01,-.20,-.09,.74,.21,-.01,.07) * f0_9 +
    mat4(.67,.07,.26,-.19,-3.48,-.14,-.33,-.49,.59,.03,-.01,.18,-1.29,-.51,.01,.36) * f0_10 +
    mat4(.08,.09,.04,.04,-.90,-.18,-.51,.12,-.52,-.39,-.38,.48,-2.16,-.21,-.34,-.10) * f0_11 +
    mat4(.34,-.08,.13,-.15,-2.51,-.56,-.83,.37,-1.11,-.15,.12,-.23,-2.23,-.24,.24,-.14) * f0_12 +
    mat4(-.96,.32,-.06,.09,-2.18,-.11,-.14,-.06,-1.63,-.36,-.71,.02,-.12,.48,-.09,-.35) * f0_13 +
    mat4(.23,-.16,.02,.17,-2.29,-.14,-.15,.40,-3.29,-.25,-.33,-.02,.67,.05,.23,-.39) * f0_14 +
    mat4(-3.32,-.70,-1.27,-.46,-1.82,-.36,-.10,-.29,-1.84,.16,.00,.72,-.77,.20,-.08,.07) * f0_15 + vec4(.37,.25,.35,-.05));
    vec4 f1_10 = relu(
    mat4(.79,1.25,.09,-.11,-.02,.00,-.73,.52,-.13,.14,.24,.14,-.20,-.27,-.40,-.42) * f0_0 +
    mat4(.49,.99,-.20,-.19,-.07,.32,-.23,-.09,.05,.20,.24,-1.28,-.44,.80,-.20,.06) * f0_1 +
    mat4(-.36,-.13,.23,.14,-.12,-.03,-.01,.18,.10,-.36,.27,-.25,-.12,.15,.05,-.90) * f0_2 +
    mat4(.30,-.07,.05,-.05,.01,.88,.04,.45,.09,.40,-.00,.51,.34,-.04,.47,.32) * f0_3 +
    mat4(-.52,1.13,-1.39,.40,-.10,.42,-.48,-1.02,.09,.33,-1.23,.14,.05,.30,-.41,.34) * f0_4 +
    mat4(.21,.70,-.39,-.69,-.23,-.29,-.91,-.03,-.19,1.12,-2.73,.08,1.34,1.48,.32,.31) * f0_5 +
    mat4(.42,.95,-.43,-.80,.83,1.15,.35,-.23,-.34,-.28,.01,-.31,.80,1.24,-.29,1.23) * f0_6 +
    mat4(-.10,-.15,-1.21,-.28,.12,-.40,-.24,.19,.09,.63,-2.72,1.17,-.27,-.29,-.21,-.79) * f0_7 +
    mat4(.22,.40,.28,-.12,.03,-.08,-.13,-.09,.22,.95,.26,-.07,.19,-.43,.12,.22) * f0_8 +
    mat4(.06,.89,-.71,.42,-.28,.18,.56,-.85,-.09,-.15,-.25,.02,.12,.15,.10,-.03) * f0_9 +
    mat4(.16,.07,.01,-.11,.87,.62,-.33,-.04,.05,.01,.20,.23,.01,-.07,-.73,-.29) * f0_10 +
    mat4(.36,.31,.03,.07,.18,.08,-1.30,-.06,.26,.51,-.14,.13,-.12,.80,-.46,-.79) * f0_11 +
    mat4(-.86,-.42,.15,-.20,.37,.81,-1.02,.47,.20,.02,.11,-.12,.79,.51,-.91,.65) * f0_12 +
    mat4(.37,.45,.69,.07,.28,.38,.18,.52,.14,.95,-1.24,.31,-.06,.23,-.11,-.40) * f0_13 +
    mat4(-.50,-.10,-.73,-.52,.49,.24,.59,-.75,.58,.76,-.23,.22,-.01,-.15,.35,-.32) * f0_14 +
    mat4(.45,1.02,-.40,.20,-.05,.62,-.86,-.06,-.57,.51,-.53,.32,.04,.27,-.37,-.42) * f0_15 + vec4(-.46,-.50,-.41,-.17));
    vec4 f1_11 = relu(
    mat4(.20,.76,.39,-.05,-.09,-.34,-.23,.34,-.23,-.44,.36,.00,-.44,-.34,-.13,.19) * f0_0 +
    mat4(-1.04,.41,-.01,-.25,-.18,.26,.06,-.30,-.58,-.61,.35,.12,-.06,-.09,-.17,.35) * f0_1 +
    mat4(-.14,.16,.03,-.22,.51,-.49,-.08,.45,-.13,-.09,.00,.28,-.45,-.50,.18,-.62) * f0_2 +
    mat4(.17,-.02,.13,.20,-.53,-.63,-.70,-1.06,-.18,.13,.14,-1.58,.34,.03,-.38,.24) * f0_3 +
    mat4(-.15,.37,-.02,.60,-.64,.24,-.88,-.12,1.13,-.32,.30,-.69,.55,.07,.32,-.24) * f0_4 +
    mat4(-.64,.82,.04,-.79,.12,-.12,-.16,-.24,-.22,.75,-.23,-.62,.27,1.50,-.78,-.62) * f0_5 +
    mat4(-.18,-.06,.46,-.74,.29,-.11,.03,-.19,.13,-.15,-.47,-.47,-.47,.59,-.05,-.41) * f0_6 +
    mat4(-.23,-.04,-.02,.15,.21,-.09,-.16,.16,-.19,-.80,-.01,-.46,-.51,.08,-.36,-.20) * f0_7 +
    mat4(.47,.35,-.08,.36,.03,.25,.44,.24,1.25,1.31,.53,-1.43,-.13,-.18,.18,.11) * f0_8 +
    mat4(.29,-.49,.09,.34,.83,.70,-.21,-.82,.06,.07,-.11,.42,-.30,-.20,-.23,.24) * f0_9 +
    mat4(-.40,.03,.16,-.09,-.01,.42,-.36,-.65,.14,-.57,-.21,-.09,.35,-.50,-.37,-.74) * f0_10 +
    mat4(.24,.10,-.37,.38,.04,.56,-.09,-.02,.25,-.39,-.14,.39,.56,.64,-.04,-.26) * f0_11 +
    mat4(.15,.35,.11,-.15,.00,.32,.09,.25,.05,-.05,.13,-.51,-.14,.10,.40,-.93) * f0_12 +
    mat4(-.16,.05,-.60,.48,.63,.23,-.03,-.18,.54,-.78,-.35,-1.11,.34,-.73,-.66,.57) * f0_13 +
    mat4(-.14,.15,-.61,-.53,-.28,.14,-.06,.09,.22,-.02,.68,.30,-.32,-.19,.19,.19) * f0_14 +
    mat4(.22,1.20,.22,.48,.82,.12,-.68,.13,.07,-.43,-.41,-.89,-.16,-.33,-.58,-.21) * f0_15 + vec4(-.33,-.36,-.04,.35));
    vec4 f1_12 = relu(
    mat4(-.83,.07,-.11,-.33,-.29,.03,.21,-.42,-.21,.08,.12,-.24,-.44,-.21,-.28,.08) * f0_0 +
    mat4(-.53,-.07,-.12,.45,.14,-.16,-.17,-.07,.38,-.18,.13,.03,-.39,-.09,.05,-.10) * f0_1 +
    mat4(-.58,-.08,.01,-.04,.41,-.06,.23,-.43,-1.45,.04,-.04,.19,-.66,.08,-.12,-.15) * f0_2 +
    mat4(-.57,-.20,.03,-.13,-.18,-.10,.20,-.05,.68,-.04,-.43,.28,.51,-.17,.03,.34) * f0_3 +
    mat4(.30,.06,-.43,-.47,.63,-.13,-.23,-.28,-.50,-.14,-.36,.07,.46,-.07,.04,.39) * f0_4 +
    mat4(-.77,-.14,-1.19,-.93,-.87,-.21,.08,.09,-.60,.06,-.48,.20,.51,.04,-.62,.12) * f0_5 +
    mat4(-.34,-.11,-.15,-.32,.10,-.07,-.28,-.10,-.38,-.07,-.17,-.16,.58,.00,-.68,.40) * f0_6 +
    mat4(-.29,-.04,.14,-.03,.49,-.03,.01,-.08,-.84,-.02,-.22,.31,.05,-.18,.11,-.37) * f0_7 +
    mat4(.44,.04,.15,.21,-.21,-.09,.34,-.20,.15,-.12,.01,-.02,.21,-.23,.24,-.19) * f0_8 +
    mat4(.43,-.08,-.29,.46,-.06,-.13,-.14,.33,-.08,-.17,.14,.05,-.10,-.17,.07,-.06) * f0_9 +
    mat4(-1.10,-.18,-.10,.15,.48,.00,-.59,.96,-.11,-.06,.15,.08,.26,.05,.09,-.12) * f0_10 +
    mat4(.16,-.27,-.02,-.04,-.56,-.08,-.10,-.06,-.74,-.21,-.31,.27,.92,-.11,-.23,-.14) * f0_11 +
    mat4(-.11,-.03,-.16,-.03,-.32,-.12,-.03,-.31,.13,-.02,.19,.07,-.00,.02,-.46,-.34) * f0_12 +
    mat4(-.59,.03,.13,.07,.15,-.14,-.23,.16,1.08,.03,-.43,-.12,.04,-.04,.08,-.05) * f0_13 +
    mat4(-.41,-.17,-.06,-.12,-.15,-.07,-.58,.17,-.15,-.10,-.16,.45,.44,-.01,-.02,.09) * f0_14 +
    mat4(.21,.08,-.18,-.35,-.80,.03,-.36,-.27,-.44,.01,-.52,-.14,.24,-.11,-.08,.07) * f0_15 + vec4(-.31,-.04,.10,.03));
    vec4 f1_13 = relu(
    mat4(-.68,-.01,-.67,1.25,-.29,.29,.30,.61,.36,.09,.15,.05,-.06,.07,.36,-1.23) * f0_0 +
    mat4(.01,.27,-.53,-.50,-.04,.34,-.11,-.18,.10,.29,-.15,-.28,-.40,.40,-.09,-.00) * f0_1 +
    mat4(.01,-.10,.16,.20,.00,-.56,.48,-.73,.04,.12,.03,-.09,.32,.05,-.31,-.30) * f0_2 +
    mat4(.04,.46,.04,-.34,-.49,.34,-.50,-.09,-.78,-.90,-.15,-.33,.24,.14,.06,.04) * f0_3 +
    mat4(-.49,.68,-1.03,-.48,-.38,.40,-.54,-1.12,-.44,-.89,-.07,-.63,-.32,.82,.16,.29) * f0_4 +
    mat4(-.67,.15,-1.05,-.03,-.01,-.24,.21,-.44,-.49,-.63,-.85,-.45,-.34,-.29,.32,-.17) * f0_5 +
    mat4(-.40,-.54,-.48,.12,-.11,.04,-.16,-1.31,.10,-.92,-.05,-.51,-.57,.25,-.31,.18) * f0_6 +
    mat4(.07,.43,.13,-.01,-.05,-.20,.15,-.31,-.40,-.01,-.31,.19,-.02,-.49,.03,-.87) * f0_7 +
    mat4(.19,.05,.16,-.15,.13,-.03,.33,.60,-.19,-.27,-.39,1.13,.10,-.30,.48,-.20) * f0_8 +
    mat4(-.05,-.31,-.79,-.54,-.70,-.60,-.41,1.50,.15,.46,-.05,-1.31,.24,.09,.35,.14) * f0_9 +
    mat4(-.06,-.10,.38,-.09,-.74,-.46,-.84,-.03,.04,.12,.16,.47,-.59,.17,-.26,-.59) * f0_10 +
    mat4(.24,-.56,.32,-.63,-.19,.09,-.00,.15,-.43,.07,-.24,.62,-.02,.01,.14,-.06) * f0_11 +
    mat4(.13,-.08,-.42,.14,-.78,.38,-1.02,-.04,-.14,-.05,.12,.18,-.28,-.57,-.28,.04) * f0_12 +
    mat4(.05,-.19,-.06,-1.14,-.22,-1.23,-.34,.86,-.36,-.32,-.67,-1.38,.40,.21,.21,.36) * f0_13 +
    mat4(-.17,-.68,.10,.32,-.07,.18,-.38,-.55,-.40,-.00,-.93,-1.82,.04,.10,.24,.21) * f0_14 +
    mat4(-.49,.44,-1.01,-1.87,-.36,.01,-.02,.54,-.08,-.15,-.32,.00,.14,.44,-.08,-.36) * f0_15 + vec4(.21,-.13,.49,-.10));
    vec4 f1_14 = relu(
    mat4(.42,.04,-.05,.37,.17,-1.01,-.33,.40,-.66,-.92,-.20,-1.02,-.82,-.11,-.39,-.26) * f0_0 +
    mat4(.06,-.42,-.05,.09,-.13,.21,-.29,-1.30,-.17,-.81,-.27,-.11,.21,-.85,-.20,-.28) * f0_1 +
    mat4(-.93,-.32,-.39,.07,-.55,.38,.03,.72,-.50,.63,-.18,-.44,.51,-.97,-.08,-2.39) * f0_2 +
    mat4(-.40,-.37,-.22,.11,.64,-.55,.08,-.45,-.13,-.85,.02,-.15,.28,-.31,-.02,.23) * f0_3 +
    mat4(.42,.28,-.01,-.35,1.52,.66,-.20,.05,-.07,-1.08,.02,.84,-.48,-.27,-.04,-.73) * f0_4 +
    mat4(.07,-1.65,-.02,-.81,.34,-.03,-.14,-.08,-1.28,-.47,-.16,-1.02,-.16,-.90,-.23,-.71) * f0_5 +
    mat4(.27,1.05,-.15,-1.25,-.21,-.00,-.18,.55,-.52,-.17,-.38,.02,-.29,.15,.05,-.41) * f0_6 +
    mat4(.36,-.01,-.06,-.15,.19,-.40,-.14,.06,-.60,-.63,-.08,-.38,-.97,.21,-.34,-.58) * f0_7 +
    mat4(.08,.16,-.43,-.11,-.07,.13,-.24,-.86,-.93,-1.14,-.20,-1.79,-.27,-.09,-.26,.20) * f0_8 +
    mat4(.30,1.14,-.24,.55,.51,-.73,-.08,.08,-1.30,.26,-.13,.29,.18,.12,-.22,-.51) * f0_9 +
    mat4(.07,.15,-.16,-.36,.88,.38,-.34,-.83,-.22,.03,-.29,-.11,.22,-.18,-.05,-.53) * f0_10 +
    mat4(-.06,.21,-.10,-.36,.59,.14,.01,-.17,.00,-.72,-.20,.79,.16,-.75,-.24,.40) * f0_11 +
    mat4(.19,-.45,-.19,.06,-.17,.97,.09,-.75,-.54,-.24,-.02,-.24,-.56,-.59,-.27,-1.13) * f0_12 +
    mat4(-.43,.72,-.07,-.66,-.81,-.87,.08,.41,.26,-.47,-.22,-.09,-1.36,-1.46,.05,-.29) * f0_13 +
    mat4(-.28,-1.12,-.31,.09,-.77,.15,-.10,.25,.45,.00,.08,-.14,-.04,-.19,-.06,.44) * f0_14 +
    mat4(-.23,-1.06,-.11,.52,-1.08,-1.94,-.05,-.76,-.09,-.27,-.22,-.58,-.34,.57,.02,-.21) * f0_15 + vec4(.03,-.21,-.35,.10));
    vec4 f1_15 = relu(
    mat4(.09,.03,.66,-.24,-.00,.27,-.46,.19,-.06,.06,-.14,.07,-.04,-.02,-.06,-.05) * f0_0 +
    mat4(.06,-.10,.04,-1.17,-.21,.10,.16,-.03,-.07,.28,-.54,-.38,-.11,-.13,-.22,.09) * f0_1 +
    mat4(-.04,.14,.10,.12,-.08,.19,.27,.24,.08,.07,.35,.15,.08,.00,.06,-.49) * f0_2 +
    mat4(.04,-.17,.10,.13,.03,.31,-.91,.39,-.18,.23,.24,-1.37,-.06,.17,.41,.17) * f0_3 +
    mat4(-.07,-.70,.80,-1.47,-.07,.33,.17,-.27,-.23,-.70,.80,-1.20,-.04,.04,.32,-.24) * f0_4 +
    mat4(-.11,-.94,.44,-.67,-.24,.20,-.11,.13,-.04,-.77,.09,-.97,-.08,-.44,1.41,-.96) * f0_5 +
    mat4(-.11,-.70,.22,-1.07,.04,-.55,.75,-1.27,-.09,-.05,-.07,.08,.07,-.49,.71,-1.15) * f0_6 +
    mat4(-.06,.09,-.53,.14,-.28,-.20,-.47,.21,-.16,-.48,.38,-1.79,.00,.09,-.39,.15) * f0_7 +
    mat4(-.18,.07,-.03,.24,-.08,.31,.26,.25,-.07,-.04,-.05,-.45,-.03,.24,-.08,.12) * f0_8 +
    mat4(.09,-.55,.31,-.35,-.05,-.54,.03,-.74,-.16,.19,-.05,-.28,-.21,-.03,-.32,.28) * f0_9 +
    mat4(.03,.09,-.03,.49,.03,-.47,.46,-.96,-.03,.03,-.28,-.31,-.04,-.20,-.11,-.43) * f0_10 +
    mat4(-.07,.22,.17,.48,-.02,-.41,.18,-.53,.07,-.83,-.03,-.12,-.09,.23,-.25,-.47) * f0_11 +
    mat4(-.24,.01,-.41,.17,-.14,.14,.54,-1.62,-.07,.03,.71,-.83,-.01,-.49,.14,-.57) * f0_12 +
    mat4(-.02,-.10,.34,-.22,-.10,-.06,-.11,-1.10,-.12,-1.04,-.32,-.81,.04,.16,.43,.21) * f0_13 +
    mat4(-.19,-.06,-.63,.04,-.05,-.30,-.25,-.60,-.09,-.05,.78,-1.56,-.08,-.23,.28,.08) * f0_14 +
    mat4(-.02,-.42,.23,-.93,-.16,-.54,.62,-1.62,.06,-.33,-.65,-.19,-.09,.14,.26,-.12) * f0_15 + vec4(-.03,.16,-.29,.33));
    
    float out0 = dot(f1_0, vec4(-.18,-.18,.25,.08)) + dot(f1_1, vec4(-.42,-.16,-.39,-.27)) + dot(f1_2, vec4(.03,.26,.14,-.02)) + dot(f1_3, vec4(-.02,-.09,.25,.35)) + dot(f1_4, vec4(.12,-.20,-.08,-.05)) + dot(f1_5, vec4(-.53,-.45,.05,.24)) + dot(f1_6, vec4(-.39,-.35,.07,.27)) + dot(f1_7, vec4(-.11,.09,-.03,.26)) + dot(f1_8, vec4(-.11,.22,-.01,-.08)) + dot(f1_9, vec4(-.09,.08,-.10,-.03)) + dot(f1_10, vec4(-.20,-.16,-.69,-.61)) + dot(f1_11, vec4(-.47,-.27,.31,.27)) + dot(f1_12, vec4(-.74,.22,-.09,.25)) + dot(f1_13, vec4(-.01,.12,.04,-.65)) + dot(f1_14, vec4(.46,-.63,.07,.50)) + dot(f1_15, vec4(-.32,-.06,-.28,.04)) + .40;
    float out1 = dot(f1_0, vec4(-.09,-.06,.22,.08)) + dot(f1_1, vec4(-.38,.09,-.37,-.23)) + dot(f1_2, vec4(-.06,.00,.04,-.08)) + dot(f1_3, vec4(.18,-.15,.58,.34)) + dot(f1_4, vec4(-.00,.03,-.05,.03)) + dot(f1_5, vec4(-.52,-.12,-.11,-.02)) + dot(f1_6, vec4(-.29,-.40,.09,.17)) + dot(f1_7, vec4(-.14,.12,-.10,.22)) + dot(f1_8, vec4(-.23,-.33,-.03,-.19)) + dot(f1_9, vec4(-.02,.08,.09,.19)) + dot(f1_10, vec4(-.18,-.14,-.62,-.45)) + dot(f1_11, vec4(-.41,-.31,-.12,.23)) + dot(f1_12, vec4(-.72,.20,.02,.10)) + dot(f1_13, vec4(.13,.06,-.05,-.61)) + dot(f1_14, vec4(.49,-.59,.14,.40)) + dot(f1_15, vec4(-.01,.11,-.10,-.06)) + .55;
    float out2 = dot(f1_0, vec4(.04,.10,.21,-.09)) + dot(f1_1, vec4(-.48,-.18,-.31,-.28)) + dot(f1_2, vec4(-.10,.06,-.09,.06)) + dot(f1_3, vec4(.24,-.26,.06,.32)) + dot(f1_4, vec4(.02,-.00,.04,-.01)) + dot(f1_5, vec4(-.47,-.17,-.02,.12)) + dot(f1_6, vec4(-.27,-.40,-.07,.19)) + dot(f1_7, vec4(-.20,-.11,-.03,.12)) + dot(f1_8, vec4(-.08,.18,.11,-.36)) + dot(f1_9, vec4(-.05,.04,-.07,-.13)) + dot(f1_10, vec4(-.13,-.06,-.55,-.38)) + dot(f1_11, vec4(-.41,-.25,-.05,.26)) + dot(f1_12, vec4(-.63,.06,.11,-.10)) + dot(f1_13, vec4(.03,.44,-.02,-.49)) + dot(f1_14, vec4(.15,-.55,.08,.47)) + dot(f1_15, vec4(-.14,.02,-.09,-.03)) + .03;
    float out3 = dot(f1_0, vec4(.06,.52,-.36,-.00)) + dot(f1_1, vec4(-.68,1.37,-.63,.81)) + dot(f1_2, vec4(.55,.15,-.02,.53)) + dot(f1_3, vec4(-.30,.02,.59,-.70)) + dot(f1_4, vec4(.72,-.60,.76,.00)) + dot(f1_5, vec4(-.30,-.82,.01,-.25)) + dot(f1_6, vec4(.04,1.10,.01,1.19)) + dot(f1_7, vec4(1.20,-.31,2.90,-.73)) + dot(f1_8, vec4(-.35,.19,.03,.21)) + dot(f1_9, vec4(4.14,.36,.58,-.20)) + dot(f1_10, vec4(-.27,-.72,.49,-.29)) + dot(f1_11, vec4(.14,-.73,.18,.26)) + dot(f1_12, vec4(.68,.05,.28,-.31)) + dot(f1_13, vec4(.27,-.69,1.08,.02)) + dot(f1_14, vec4(.45,.60,.03,.12)) + dot(f1_15, vec4(.06,.53,-.07,1.43)) + .45;
    return vec4(out0, out1, out2, out3);
}
